0 0.9375 0.875 0.90625 0.875 0.90625 0.859375 0.9375 0.859375
0 0.8125 0.875 0.78125 0.875 0.78125 0.859375 0.8125 0.859375
7 0.921875 0.984375 0.921875 0.90625 0.796875 0.90625 0.796875 0.984375
7 0.921875 0.828125 0.921875 0.90625 0.796875 0.90625 0.796875 0.828125
7 0.671875 0.90625 0.671875 0.984375 0.796875 0.984375 0.796875 0.90625
7 1.0 0.90625 0.921875 0.90625 0.921875 0.828125 1.0 0.828125
7 0.71875 0.828125 0.71875 0.90625 0.796875 0.90625 0.796875 0.828125
7 0.59375 0.90625 0.71875 0.90625 0.71875 0.828125 0.59375 0.828125
2 0.59375 0.671875 0.59375 0.828125 0.71875 0.828125 0.71875 0.671875
2 0.84375 0.671875 0.71875 0.671875 0.71875 0.828125 0.84375 0.828125
2 0.5625 0.609375 0.5625 0.671875 0.4375 0.671875 0.4375 0.609375
2 0.71875 0.609375 0.71875 0.671875 0.5625 0.671875 0.5625 0.609375
2 0.84375 0.609375 0.84375 0.671875 0.71875 0.671875 0.71875 0.609375
2 1.0 0.609375 1.0 0.671875 0.84375 0.671875 0.84375 0.609375
