0 0.03125 0.15625 0.0625 0.15625 0.0625 0.171875 0.03125 0.171875
0 0.25 0.15625 0.28125 0.15625 0.28125 0.171875 0.25 0.171875
7 0.09375 0.203125 0.09375 0.09375 0.21875 0.09375 0.21875 0.203125
7 0.3125 0.203125 0.3125 0.09375 0.21875 0.09375 0.21875 0.203125
7 0.09375 0.203125 0.09375 0.09375 0.0 0.09375 0.0 0.203125
7 0.21875 0.0 0.09375 0.0 0.09375 0.09375 0.21875 0.09375
7 0.34375 0.0 0.21875 0.0 0.21875 0.09375 0.34375 0.09375
7 0.4375 0.203125 0.4375 0.09375 0.3125 0.09375 0.3125 0.203125
2 0.796875 0.0 0.671875 0.0 0.671875 0.203125 0.796875 0.203125
2 0.671875 0.0 0.546875 0.0 0.546875 0.203125 0.671875 0.203125
2 0.34375 0.3125 0.546875 0.3125 0.546875 0.203125 0.34375 0.203125
2 0.796875 0.3125 1.0 0.3125 1.0 0.203125 0.796875 0.203125
2 0.546875 0.3125 0.671875 0.3125 0.671875 0.203125 0.546875 0.203125
2 0.671875 0.3125 0.796875 0.3125 0.796875 0.203125 0.671875 0.203125
17 0.296875 0.421875 0.296875 0.40625 0.390625 0.40625 0.390625 0.3125 0.703125 0.3125 0.703125 0.40625 0.796875 0.40625 0.796875 0.421875
17 0.984375 0.140625 0.984375 0.078125 0.90625 0.078125 0.90625 0.0 0.875 0.0 0.875 0.078125 0.796875 0.078125 0.796875 0.140625
17 1.0 0.484375 1.0 0.421875 0.890625 0.421875 0.890625 0.3125 0.859375 0.3125 0.859375 0.421875 0.75 0.421875 0.75 0.484375
