0 0.375 0.875 0.375 0.828125 0.40625 0.828125 0.40625 0.875
0 0.375 0.796875 0.375 0.75 0.40625 0.75 0.40625 0.796875
7 0.25 0.875 0.4375 0.875 0.4375 0.75 0.25 0.75
7 0.25 1.0 0.25 0.875 0.46875 0.875 0.46875 0.9375 0.5 0.9375 0.5 1.0
7 0.25 0.75 0.25 0.625 0.5 0.625 0.5 0.6875 0.46875 0.6875 0.46875 0.75
7 0.0 0.875 0.0 0.75 0.25 0.75 0.25 0.875
7 0.25 0.625 0.25 0.5 0.5 0.5 0.5 0.625
7 0.5 0.75 0.5 0.625 0.75 0.625 0.75 0.75
2 0.625 0.4375 0.625 0.3125 1.0 0.3125 1.0 0.4375
2 0.625 0.3125 0.625 0.1875 1.0 0.1875 1.0 0.3125
3 0.0625 0.09375 0.0625 0.0625 1.0 0.0625 1.0 0.09375
3 0.0625 0.0625 0.0625 0.03125 1.0 0.03125 1.0 0.0625
3 0.0625 0.125 0.0625 0.09375 1.0 0.09375 1.0 0.125
3 0.0625 0.03125 0.0625 0.0 1.0 0.0 1.0 0.03125
3 0.0 0.09375 0.0625 0.09375 0.0625 0.0625 0.0 0.0625
3 0.0 0.0625 0.0625 0.0625 0.0625 0.03125 0.0 0.03125
2 0.625 0.1875 0.625 0.125 1.0 0.125 1.0 0.1875
2 0.625 0.5 0.625 0.4375 1.0 0.4375 1.0 0.5
2 0.5 0.4375 0.5 0.1875 0.625 0.1875 0.625 0.4375
2 0.5 0.4375 0.5 0.1875 0.625 0.1875 0.625 0.4375
