0 0 0.1875 0.921875 0.1875 0.890625 0.21875 0.890625 0.21875 0.921875
0 0 0.1875 0.875 0.1875 0.84375 0.21875 0.84375 0.21875 0.875
0 7 0.0 0.921875 0.0 0.84375 0.15625 0.84375 0.15625 0.921875
0 7 0.0 0.765625 0.0 0.84375 0.15625 0.84375 0.15625 0.765625
0 7 0.28125 0.84375 0.15625 0.84375 0.15625 0.921875 0.28125 0.921875
0 7 0.15625 0.6875 0.15625 0.765625 0.28125 0.765625 0.28125 0.6875
0 7 0.28125 0.765625 0.15625 0.765625 0.15625 0.84375 0.28125 0.84375
0 7 0.28125 1.0 0.15625 1.0 0.15625 0.921875 0.28125 0.921875
0 2 0.6875 0.6875 0.1875 0.6875 0.1875 0.609375 0.6875 0.609375
0 2 0.6875 0.53125 0.1875 0.53125 0.1875 0.609375 0.6875 0.609375
0 2 0.6875 0.453125 0.1875 0.453125 0.1875 0.53125 0.6875 0.53125
0 2 0.1875 0.375 0.1875 0.453125 0.6875 0.453125 0.6875 0.375
0 2 0.0 0.59375 0.0 0.53125 0.1875 0.53125 0.1875 0.59375
0 2 0.0 0.46875 0.0 0.53125 0.1875 0.53125 0.1875 0.46875
