0 0.078125 0.1875 0.109375 0.1875 0.109375 0.21875 0.078125 0.21875
0 0.125 0.1875 0.15625 0.1875 0.15625 0.21875 0.125 0.21875
7 0.078125 0.0 0.15625 0.0 0.15625 0.15625 0.078125 0.15625
7 0.234375 0.0 0.15625 0.0 0.15625 0.15625 0.234375 0.15625
7 0.15625 0.28125 0.15625 0.15625 0.078125 0.15625 0.078125 0.28125
7 0.3125 0.15625 0.234375 0.15625 0.234375 0.28125 0.3125 0.28125
7 0.234375 0.28125 0.234375 0.15625 0.15625 0.15625 0.15625 0.28125
7 0.0 0.28125 0.0 0.15625 0.078125 0.15625 0.078125 0.28125
2 0.3125 0.6875 0.3125 0.1875 0.390625 0.1875 0.390625 0.6875
2 0.46875 0.6875 0.46875 0.1875 0.390625 0.1875 0.390625 0.6875
2 0.546875 0.6875 0.546875 0.1875 0.46875 0.1875 0.46875 0.6875
2 0.625 0.1875 0.546875 0.1875 0.546875 0.6875 0.625 0.6875
2 0.40625 0.0 0.46875 0.0 0.46875 0.1875 0.40625 0.1875
2 0.53125 0.0 0.46875 0.0 0.46875 0.1875 0.53125 0.1875
