0 0 0.8125 0.078125 0.8125 0.109375 0.78125 0.109375 0.78125 0.078125
0 0 0.8125 0.125 0.8125 0.15625 0.78125 0.15625 0.78125 0.125
0 7 1.0 0.078125 1.0 0.15625 0.84375 0.15625 0.84375 0.078125
0 7 1.0 0.234375 1.0 0.15625 0.84375 0.15625 0.84375 0.234375
0 7 0.71875 0.15625 0.84375 0.15625 0.84375 0.078125 0.71875 0.078125
0 7 0.84375 0.3125 0.84375 0.234375 0.71875 0.234375 0.71875 0.3125
0 7 0.71875 0.234375 0.84375 0.234375 0.84375 0.15625 0.71875 0.15625
0 7 0.71875 0.0 0.84375 0.0 0.84375 0.078125 0.71875 0.078125
0 2 0.3125 0.3125 0.8125 0.3125 0.8125 0.390625 0.3125 0.390625
0 2 0.3125 0.46875 0.8125 0.46875 0.8125 0.390625 0.3125 0.390625
0 2 0.3125 0.546875 0.8125 0.546875 0.8125 0.46875 0.3125 0.46875
0 2 0.8125 0.625 0.8125 0.546875 0.3125 0.546875 0.3125 0.625
0 2 1.0 0.40625 1.0 0.46875 0.8125 0.46875 0.8125 0.40625
0 2 1.0 0.53125 1.0 0.46875 0.8125 0.46875 0.8125 0.53125
