0 0 0.921875 0.8125 0.890625 0.8125 0.890625 0.78125 0.921875 0.78125
0 0 0.875 0.8125 0.84375 0.8125 0.84375 0.78125 0.875 0.78125
0 7 0.921875 1.0 0.84375 1.0 0.84375 0.84375 0.921875 0.84375
0 7 0.765625 1.0 0.84375 1.0 0.84375 0.84375 0.765625 0.84375
0 7 0.84375 0.71875 0.84375 0.84375 0.921875 0.84375 0.921875 0.71875
0 7 0.6875 0.84375 0.765625 0.84375 0.765625 0.71875 0.6875 0.71875
0 7 0.765625 0.71875 0.765625 0.84375 0.84375 0.84375 0.84375 0.71875
0 7 1.0 0.71875 1.0 0.84375 0.921875 0.84375 0.921875 0.71875
0 2 0.6875 0.3125 0.6875 0.8125 0.609375 0.8125 0.609375 0.3125
0 2 0.53125 0.3125 0.53125 0.8125 0.609375 0.8125 0.609375 0.3125
0 2 0.453125 0.3125 0.453125 0.8125 0.53125 0.8125 0.53125 0.3125
0 2 0.375 0.8125 0.453125 0.8125 0.453125 0.3125 0.375 0.3125
0 2 0.59375 1.0 0.53125 1.0 0.53125 0.8125 0.59375 0.8125
0 2 0.46875 1.0 0.53125 1.0 0.53125 0.8125 0.46875 0.8125
