0 0 0.8125 0.78125 0.78125 0.78125 0.78125 0.71875 0.8125 0.71875
0 0 0.75 0.78125 0.71875 0.78125 0.71875 0.71875 0.75 0.71875
0 7 0.84375 1.0 0.6875 1.0 0.6875 0.84375 0.84375 0.84375
0 7 0.53125 1.0 0.6875 1.0 0.6875 0.84375 0.53125 0.84375
0 7 0.6875 0.6875 0.6875 0.84375 0.84375 0.84375 0.84375 0.6875
0 7 0.53125 0.6875 0.53125 0.84375 0.375 0.84375 0.375 0.6875
0 7 0.53125 0.6875 0.53125 0.84375 0.6875 0.84375 0.6875 0.6875
0 7 1.0 0.84375 0.84375 0.84375 0.84375 0.6875 1.0 0.6875
0 2 0.875 0.53125 0.875 0.5625 0.84375 0.5625 0.84375 0.625 0.9375 0.625 0.9375 0.53125
0 2 1.0 0.625 0.9375 0.625 0.9375 0.53125 1.0 0.53125
0 2 0.78125 0.625 0.84375 0.625 0.84375 0.5625 0.78125 0.5625
0 2 0.6875 0.53125 0.75 0.53125 0.75 0.5625 0.78125 0.5625 0.78125 0.625 0.6875 0.625
0 2 0.9375 0.625 0.9375 0.6875 0.84375 0.6875 0.84375 0.625
0 3 0.1875 0.9375 0.125 0.9375 0.125 0.8125 0.1875 0.8125
0 3 0.21875 0.9375 0.28125 0.9375 0.28125 0.8125 0.21875 0.8125
0 3 0.125 0.9375 0.09375 0.9375 0.09375 0.8125 0.125 0.8125
0 3 0.21875 0.9375 0.1875 0.9375 0.1875 0.8125 0.21875 0.8125
0 3 0.21875 1.0 0.15625 1.0 0.15625 0.9375 0.21875 0.9375
0 1 0.5 0.28125 0.34375 0.28125 0.34375 0.3125 0.25 0.3125 0.25 0.28125 0.28125 0.28125 0.28125 0.21875 0.3125 0.21875 0.3125 0.1875 0.34375 0.1875 0.34375 0.25 0.375 0.25 0.375 0.21875 0.40625 0.21875 0.40625 0.1875 0.4375 0.1875 0.4375 0.15625 0.46875 0.15625 0.46875 0.21875 0.4375 0.21875 0.4375 0.21875 0.4375 0.25 0.5 0.25
0 3 0.1875 0.75 0.125 0.75 0.125 0.625 0.1875 0.625
0 3 0.21875 0.75 0.1875 0.75 0.1875 0.625 0.21875 0.625
0 3 0.125 0.75 0.09375 0.75 0.09375 0.625 0.125 0.625
0 3 0.21875 0.75 0.28125 0.75 0.28125 0.625 0.21875 0.625
0 3 0.15625 0.75 0.15625 0.8125 0.21875 0.8125 0.21875 0.75
