0 0 0.1875 0.21875 0.21875 0.21875 0.21875 0.28125 0.1875 0.28125
0 0 0.25 0.21875 0.28125 0.21875 0.28125 0.28125 0.25 0.28125
0 7 0.15625 0.0 0.3125 0.0 0.3125 0.15625 0.15625 0.15625
0 7 0.46875 0.0 0.3125 0.0 0.3125 0.15625 0.46875 0.15625
0 7 0.3125 0.3125 0.3125 0.15625 0.15625 0.15625 0.15625 0.3125
0 7 0.46875 0.3125 0.46875 0.15625 0.625 0.15625 0.625 0.3125
0 7 0.46875 0.3125 0.46875 0.15625 0.3125 0.15625 0.3125 0.3125
0 7 0.0 0.15625 0.15625 0.15625 0.15625 0.3125 0.0 0.3125
0 2 0.125 0.46875 0.125 0.4375 0.15625 0.4375 0.15625 0.375 0.0625 0.375 0.0625 0.46875
0 2 0.0 0.375 0.0625 0.375 0.0625 0.46875 0.0 0.46875
0 2 0.21875 0.375 0.15625 0.375 0.15625 0.4375 0.21875 0.4375
0 2 0.3125 0.46875 0.25 0.46875 0.25 0.4375 0.21875 0.4375 0.21875 0.375 0.3125 0.375
0 2 0.0625 0.375 0.0625 0.3125 0.15625 0.3125 0.15625 0.375
0 3 0.8125 0.0625 0.875 0.0625 0.875 0.1875 0.8125 0.1875
0 3 0.78125 0.0625 0.71875 0.0625 0.71875 0.1875 0.78125 0.1875
0 3 0.875 0.0625 0.90625 0.0625 0.90625 0.1875 0.875 0.1875
0 3 0.78125 0.0625 0.8125 0.0625 0.8125 0.1875 0.78125 0.1875
0 3 0.78125 0.0 0.84375 0.0 0.84375 0.0625 0.78125 0.0625
0 1 0.5 0.71875 0.65625 0.71875 0.65625 0.6875 0.75 0.6875 0.75 0.71875 0.71875 0.71875 0.71875 0.78125 0.6875 0.78125 0.6875 0.8125 0.65625 0.8125 0.65625 0.75 0.625 0.75 0.625 0.78125 0.59375 0.78125 0.59375 0.8125 0.5625 0.8125 0.5625 0.84375 0.53125 0.84375 0.53125 0.78125 0.5625 0.78125 0.5625 0.78125 0.5625 0.75 0.5 0.75
0 3 0.8125 0.25 0.875 0.25 0.875 0.375 0.8125 0.375
0 3 0.78125 0.25 0.8125 0.25 0.8125 0.375 0.78125 0.375
0 3 0.875 0.25 0.90625 0.25 0.90625 0.375 0.875 0.375
0 3 0.78125 0.25 0.71875 0.25 0.71875 0.375 0.78125 0.375
0 3 0.84375 0.25 0.84375 0.1875 0.78125 0.1875 0.78125 0.25
