0 0.78125 0.1875 0.78125 0.21875 0.71875 0.21875 0.71875 0.1875
0 0.78125 0.25 0.78125 0.28125 0.71875 0.28125 0.71875 0.25
7 1.0 0.15625 1.0 0.3125 0.84375 0.3125 0.84375 0.15625
7 1.0 0.46875 1.0 0.3125 0.84375 0.3125 0.84375 0.46875
7 0.6875 0.3125 0.84375 0.3125 0.84375 0.15625 0.6875 0.15625
7 0.6875 0.46875 0.84375 0.46875 0.84375 0.625 0.6875 0.625
7 0.6875 0.46875 0.84375 0.46875 0.84375 0.3125 0.6875 0.3125
7 0.84375 0.0 0.84375 0.15625 0.6875 0.15625 0.6875 0.0
2 0.53125 0.125 0.5625 0.125 0.5625 0.15625 0.625 0.15625 0.625 0.0625 0.53125 0.0625
2 0.625 0.0 0.625 0.0625 0.53125 0.0625 0.53125 0.0
2 0.625 0.21875 0.625 0.15625 0.5625 0.15625 0.5625 0.21875
2 0.53125 0.3125 0.53125 0.25 0.5625 0.25 0.5625 0.21875 0.625 0.21875 0.625 0.3125
2 0.625 0.0625 0.6875 0.0625 0.6875 0.15625 0.625 0.15625
3 0.9375 0.8125 0.9375 0.875 0.8125 0.875 0.8125 0.8125
3 0.9375 0.78125 0.9375 0.71875 0.8125 0.71875 0.8125 0.78125
3 0.9375 0.875 0.9375 0.90625 0.8125 0.90625 0.8125 0.875
3 0.9375 0.78125 0.9375 0.8125 0.8125 0.8125 0.8125 0.78125
3 1.0 0.78125 1.0 0.84375 0.9375 0.84375 0.9375 0.78125
1 0.28125 0.5 0.28125 0.65625 0.3125 0.65625 0.3125 0.75 0.28125 0.75 0.28125 0.71875 0.21875 0.71875 0.21875 0.6875 0.1875 0.6875 0.1875 0.65625 0.25 0.65625 0.25 0.625 0.21875 0.625 0.21875 0.59375 0.1875 0.59375 0.1875 0.5625 0.15625 0.5625 0.15625 0.53125 0.21875 0.53125 0.21875 0.5625 0.21875 0.5625 0.25 0.5625 0.25 0.5
3 0.75 0.8125 0.75 0.875 0.625 0.875 0.625 0.8125
3 0.75 0.78125 0.75 0.8125 0.625 0.8125 0.625 0.78125
3 0.75 0.875 0.75 0.90625 0.625 0.90625 0.625 0.875
3 0.75 0.78125 0.75 0.71875 0.625 0.71875 0.625 0.78125
3 0.75 0.84375 0.8125 0.84375 0.8125 0.78125 0.75 0.78125
