0 0 0.0625 0.125 0.09375 0.125 0.09375 0.140625 0.0625 0.140625
0 0 0.1875 0.125 0.21875 0.125 0.21875 0.140625 0.1875 0.140625
0 7 0.078125 0.015625 0.078125 0.09375 0.203125 0.09375 0.203125 0.015625
0 7 0.078125 0.171875 0.078125 0.09375 0.203125 0.09375 0.203125 0.171875
0 7 0.328125 0.09375 0.328125 0.015625 0.203125 0.015625 0.203125 0.09375
0 7 0.0 0.09375 0.078125 0.09375 0.078125 0.171875 0.0 0.171875
0 7 0.28125 0.171875 0.28125 0.09375 0.203125 0.09375 0.203125 0.171875
0 7 0.40625 0.09375 0.28125 0.09375 0.28125 0.171875 0.40625 0.171875
0 2 0.40625 0.328125 0.40625 0.171875 0.28125 0.171875 0.28125 0.328125
0 2 0.15625 0.328125 0.28125 0.328125 0.28125 0.171875 0.15625 0.171875
0 2 0.4375 0.390625 0.4375 0.328125 0.5625 0.328125 0.5625 0.390625
0 2 0.28125 0.390625 0.28125 0.328125 0.4375 0.328125 0.4375 0.390625
0 2 0.15625 0.390625 0.15625 0.328125 0.28125 0.328125 0.28125 0.390625
0 2 0.0 0.390625 0.0 0.328125 0.15625 0.328125 0.15625 0.390625
