0 0 0.875 0.0625 0.875 0.09375 0.859375 0.09375 0.859375 0.0625
0 0 0.875 0.1875 0.875 0.21875 0.859375 0.21875 0.859375 0.1875
0 7 0.984375 0.078125 0.90625 0.078125 0.90625 0.203125 0.984375 0.203125
0 7 0.828125 0.078125 0.90625 0.078125 0.90625 0.203125 0.828125 0.203125
0 7 0.90625 0.328125 0.984375 0.328125 0.984375 0.203125 0.90625 0.203125
0 7 0.90625 0.0 0.90625 0.078125 0.828125 0.078125 0.828125 0.0
0 7 0.828125 0.28125 0.90625 0.28125 0.90625 0.203125 0.828125 0.203125
0 7 0.90625 0.40625 0.90625 0.28125 0.828125 0.28125 0.828125 0.40625
0 2 0.671875 0.40625 0.828125 0.40625 0.828125 0.28125 0.671875 0.28125
0 2 0.671875 0.15625 0.671875 0.28125 0.828125 0.28125 0.828125 0.15625
0 2 0.609375 0.4375 0.671875 0.4375 0.671875 0.5625 0.609375 0.5625
0 2 0.609375 0.28125 0.671875 0.28125 0.671875 0.4375 0.609375 0.4375
0 2 0.609375 0.15625 0.671875 0.15625 0.671875 0.28125 0.609375 0.28125
0 2 0.609375 0.0 0.671875 0.0 0.671875 0.15625 0.609375 0.15625
