0 0 0.125 0.9375 0.125 0.90625 0.140625 0.90625 0.140625 0.9375
0 0 0.125 0.8125 0.125 0.78125 0.140625 0.78125 0.140625 0.8125
0 7 0.015625 0.921875 0.09375 0.921875 0.09375 0.796875 0.015625 0.796875
0 7 0.171875 0.921875 0.09375 0.921875 0.09375 0.796875 0.171875 0.796875
0 7 0.09375 0.671875 0.015625 0.671875 0.015625 0.796875 0.09375 0.796875
0 7 0.09375 1.0 0.09375 0.921875 0.171875 0.921875 0.171875 1.0
0 7 0.171875 0.71875 0.09375 0.71875 0.09375 0.796875 0.171875 0.796875
0 7 0.09375 0.59375 0.09375 0.71875 0.171875 0.71875 0.171875 0.59375
0 2 0.328125 0.59375 0.171875 0.59375 0.171875 0.71875 0.328125 0.71875
0 2 0.328125 0.84375 0.328125 0.71875 0.171875 0.71875 0.171875 0.84375
0 2 0.390625 0.5625 0.328125 0.5625 0.328125 0.4375 0.390625 0.4375
0 2 0.390625 0.71875 0.328125 0.71875 0.328125 0.5625 0.390625 0.5625
0 2 0.390625 0.84375 0.328125 0.84375 0.328125 0.71875 0.390625 0.71875
0 2 0.390625 1.0 0.328125 1.0 0.328125 0.84375 0.390625 0.84375
