2 0.75 0.09375 0.75 0.1875 0.65625 0.1875 0.65625 0.09375
2 0.65625 0.28125 0.75 0.28125 0.75 0.1875 0.65625 0.1875
2 0.46875 0.078125 0.65625 0.078125 0.65625 0.1875 0.46875 0.1875
2 0.65625 0.296875 0.65625 0.1875 0.46875 0.1875 0.46875 0.296875
2 0.46875 0.375 0.65625 0.375 0.65625 0.296875 0.46875 0.296875
2 0.46875 0.0 0.65625 0.0 0.65625 0.078125 0.46875 0.078125
0 0.859375 0.09375 0.859375 0.125 0.84375 0.125 0.84375 0.09375
0 0.859375 0.15625 0.859375 0.1875 0.84375 0.1875 0.84375 0.15625
7 0.90625 0.0 0.90625 0.09375 0.8125 0.09375 0.8125 0.0
8 0.828125 0.109375 0.828125 0.171875 0.8125 0.171875 0.8125 0.109375
7 0.90625 0.09375 0.90625 0.1875 0.8125 0.1875 0.8125 0.09375
7 0.90625 0.1875 0.90625 0.28125 0.8125 0.28125 0.8125 0.1875
7 0.90625 0.28125 0.90625 0.375 0.8125 0.375 0.8125 0.28125
7 1.0 0.09375 1.0 0.1875 0.90625 0.1875 0.90625 0.09375
7 1.0 0.1875 1.0 0.28125 0.90625 0.28125 0.90625 0.1875
1 0.5625 0.421875 0.578125 0.421875 0.578125 0.4375 0.59375 0.4375 0.59375 0.484375 0.578125 0.484375 0.578125 0.5 0.5625 0.5 0.5625 0.515625 0.734375 0.515625 0.734375 0.5 0.71875 0.5 0.71875 0.46875 0.703125 0.46875 0.703125 0.421875 0.6875 0.421875 0.6875 0.40625 0.65625 0.40625 0.65625 0.390625 0.578125 0.390625 0.578125 0.40625 0.5625 0.40625
1 0.953125 0.765625 0.953125 0.796875 0.96875 0.796875 0.96875 0.828125 0.734375 0.828125 0.734375 0.8125 0.75 0.8125 0.75 0.796875 0.765625 0.796875 0.765625 0.765625 0.78125 0.765625 0.78125 0.734375 0.796875 0.734375 0.796875 0.703125 0.8125 0.703125 0.8125 0.671875 0.96875 0.671875 0.96875 0.6875 0.984375 0.6875 0.984375 0.75 0.96875 0.75 0.96875 0.765625
