0 2 0.09375 0.25 0.1875 0.25 0.1875 0.34375 0.09375 0.34375
0 2 0.28125 0.34375 0.28125 0.25 0.1875 0.25 0.1875 0.34375
0 2 0.078125 0.53125 0.078125 0.34375 0.1875 0.34375 0.1875 0.53125
0 2 0.296875 0.34375 0.1875 0.34375 0.1875 0.53125 0.296875 0.53125
0 2 0.375 0.53125 0.375 0.34375 0.296875 0.34375 0.296875 0.53125
0 2 0.0 0.53125 0.0 0.34375 0.078125 0.34375 0.078125 0.53125
0 0 0.09375 0.140625 0.125 0.140625 0.125 0.15625 0.09375 0.15625
0 0 0.15625 0.140625 0.1875 0.140625 0.1875 0.15625 0.15625 0.15625
0 7 0.0 0.09375 0.09375 0.09375 0.09375 0.1875 0.0 0.1875
0 8 0.109375 0.171875 0.171875 0.171875 0.171875 0.1875 0.109375 0.1875
0 7 0.09375 0.09375 0.1875 0.09375 0.1875 0.1875 0.09375 0.1875
0 7 0.1875 0.09375 0.28125 0.09375 0.28125 0.1875 0.1875 0.1875
0 7 0.28125 0.09375 0.375 0.09375 0.375 0.1875 0.28125 0.1875
0 7 0.09375 0.0 0.1875 0.0 0.1875 0.09375 0.09375 0.09375
0 7 0.1875 0.0 0.28125 0.0 0.28125 0.09375 0.1875 0.09375
0 1 0.421875 0.4375 0.421875 0.421875 0.4375 0.421875 0.4375 0.40625 0.484375 0.40625 0.484375 0.421875 0.5 0.421875 0.5 0.4375 0.515625 0.4375 0.515625 0.265625 0.5 0.265625 0.5 0.28125 0.46875 0.28125 0.46875 0.296875 0.421875 0.296875 0.421875 0.3125 0.40625 0.3125 0.40625 0.34375 0.390625 0.34375 0.390625 0.421875 0.40625 0.421875 0.40625 0.4375
0 1 0.765625 0.046875 0.796875 0.046875 0.796875 0.03125 0.828125 0.03125 0.828125 0.265625 0.8125 0.265625 0.8125 0.25 0.796875 0.25 0.796875 0.234375 0.765625 0.234375 0.765625 0.21875 0.734375 0.21875 0.734375 0.203125 0.703125 0.203125 0.703125 0.1875 0.671875 0.1875 0.671875 0.03125 0.6875 0.03125 0.6875 0.015625 0.75 0.015625 0.75 0.03125 0.765625 0.03125
