0 2 0.90625 0.75 0.8125 0.75 0.8125 0.65625 0.90625 0.65625
0 2 0.71875 0.65625 0.71875 0.75 0.8125 0.75 0.8125 0.65625
0 2 0.921875 0.46875 0.921875 0.65625 0.8125 0.65625 0.8125 0.46875
0 2 0.703125 0.65625 0.8125 0.65625 0.8125 0.46875 0.703125 0.46875
0 2 0.625 0.46875 0.625 0.65625 0.703125 0.65625 0.703125 0.46875
0 2 1.0 0.46875 1.0 0.65625 0.921875 0.65625 0.921875 0.46875
0 0 0.90625 0.859375 0.875 0.859375 0.875 0.84375 0.90625 0.84375
0 0 0.84375 0.859375 0.8125 0.859375 0.8125 0.84375 0.84375 0.84375
0 7 1.0 0.90625 0.90625 0.90625 0.90625 0.8125 1.0 0.8125
0 8 0.890625 0.828125 0.828125 0.828125 0.828125 0.8125 0.890625 0.8125
0 7 0.90625 0.90625 0.8125 0.90625 0.8125 0.8125 0.90625 0.8125
0 7 0.8125 0.90625 0.71875 0.90625 0.71875 0.8125 0.8125 0.8125
0 7 0.71875 0.90625 0.625 0.90625 0.625 0.8125 0.71875 0.8125
0 7 0.90625 1.0 0.8125 1.0 0.8125 0.90625 0.90625 0.90625
0 7 0.8125 1.0 0.71875 1.0 0.71875 0.90625 0.8125 0.90625
0 1 0.578125 0.5625 0.578125 0.578125 0.5625 0.578125 0.5625 0.59375 0.515625 0.59375 0.515625 0.578125 0.5 0.578125 0.5 0.5625 0.484375 0.5625 0.484375 0.734375 0.5 0.734375 0.5 0.71875 0.53125 0.71875 0.53125 0.703125 0.578125 0.703125 0.578125 0.6875 0.59375 0.6875 0.59375 0.65625 0.609375 0.65625 0.609375 0.578125 0.59375 0.578125 0.59375 0.5625
0 1 0.234375 0.953125 0.203125 0.953125 0.203125 0.96875 0.171875 0.96875 0.171875 0.734375 0.1875 0.734375 0.1875 0.75 0.203125 0.75 0.203125 0.765625 0.234375 0.765625 0.234375 0.78125 0.265625 0.78125 0.265625 0.796875 0.296875 0.796875 0.296875 0.8125 0.328125 0.8125 0.328125 0.96875 0.3125 0.96875 0.3125 0.984375 0.25 0.984375 0.25 0.96875 0.234375 0.96875
