0 0.203125 0.859375 0.203125 0.8125 0.25 0.8125 0.25 0.859375
0 0.203125 0.765625 0.203125 0.71875 0.25 0.71875 0.25 0.765625
1 0.296875 0.859375 0.28125 0.859375 0.28125 0.8125 0.296875 0.8125 0.296875 0.796875 0.3125 0.796875 0.3125 0.78125 0.328125 0.78125 0.328125 0.765625 0.359375 0.765625 0.359375 0.78125 0.375 0.78125 0.375 0.8125 0.359375 0.8125 0.359375 0.84375 0.34375 0.84375 0.34375 0.859375 0.328125 0.859375 0.328125 0.875 0.296875 0.875
1 0.453125 0.75 0.453125 0.765625 0.421875 0.765625 0.421875 0.75 0.40625 0.75 0.40625 0.734375 0.390625 0.734375 0.390625 0.71875 0.375 0.71875 0.375 0.671875 0.390625 0.671875 0.390625 0.65625 0.421875 0.65625 0.421875 0.671875 0.4375 0.671875 0.4375 0.6875 0.453125 0.6875 0.453125 0.71875 0.46875 0.71875 0.46875 0.75
7 0.265625 0.84375 0.15625 0.84375 0.15625 0.734375 0.265625 0.734375
7 0.09375 0.84375 0.09375 0.734375 0.15625 0.734375 0.15625 0.84375
7 0.15625 0.625 0.09375 0.625 0.09375 0.734375 0.15625 0.734375
7 0.15625 0.90625 0.15625 0.84375 0.265625 0.84375 0.265625 0.90625
7 0.15625 0.734375 0.15625 0.671875 0.265625 0.671875 0.265625 0.734375
2 0.0 0.84375 0.0 0.734375 0.09375 0.734375 0.09375 0.84375
2 0.0 0.734375 0.0 0.625 0.09375 0.625 0.09375 0.734375
2 0.265625 0.90625 0.15625 0.90625 0.15625 1.0 0.265625 1.0
2 0.265625 0.578125 0.15625 0.578125 0.15625 0.671875 0.265625 0.671875
2 0.265625 0.46875 0.15625 0.46875 0.15625 0.578125 0.265625 0.578125
