0 0.859375 0.796875 0.8125 0.796875 0.8125 0.75 0.859375 0.75
0 0.765625 0.796875 0.71875 0.796875 0.71875 0.75 0.765625 0.75
1 0.859375 0.703125 0.859375 0.71875 0.8125 0.71875 0.8125 0.703125 0.796875 0.703125 0.796875 0.6875 0.78125 0.6875 0.78125 0.671875 0.765625 0.671875 0.765625 0.640625 0.78125 0.640625 0.78125 0.625 0.8125 0.625 0.8125 0.640625 0.84375 0.640625 0.84375 0.65625 0.859375 0.65625 0.859375 0.671875 0.875 0.671875 0.875 0.703125
1 0.75 0.546875 0.765625 0.546875 0.765625 0.578125 0.75 0.578125 0.75 0.59375 0.734375 0.59375 0.734375 0.609375 0.71875 0.609375 0.71875 0.625 0.671875 0.625 0.671875 0.609375 0.65625 0.609375 0.65625 0.578125 0.671875 0.578125 0.671875 0.5625 0.6875 0.5625 0.6875 0.546875 0.71875 0.546875 0.71875 0.53125 0.75 0.53125
7 0.84375 0.734375 0.84375 0.84375 0.734375 0.84375 0.734375 0.734375
7 0.84375 0.90625 0.734375 0.90625 0.734375 0.84375 0.84375 0.84375
7 0.625 0.84375 0.625 0.90625 0.734375 0.90625 0.734375 0.84375
7 0.90625 0.84375 0.84375 0.84375 0.84375 0.734375 0.90625 0.734375
7 0.734375 0.84375 0.671875 0.84375 0.671875 0.734375 0.734375 0.734375
2 0.84375 1.0 0.734375 1.0 0.734375 0.90625 0.84375 0.90625
2 0.734375 1.0 0.625 1.0 0.625 0.90625 0.734375 0.90625
2 0.90625 0.734375 0.90625 0.84375 1.0 0.84375 1.0 0.734375
2 0.578125 0.734375 0.578125 0.84375 0.671875 0.84375 0.671875 0.734375
2 0.46875 0.734375 0.46875 0.84375 0.578125 0.84375 0.578125 0.734375
