0 0.796875 0.140625 0.796875 0.1875 0.75 0.1875 0.75 0.140625
0 0.796875 0.234375 0.796875 0.28125 0.75 0.28125 0.75 0.234375
1 0.703125 0.140625 0.71875 0.140625 0.71875 0.1875 0.703125 0.1875 0.703125 0.203125 0.6875 0.203125 0.6875 0.21875 0.671875 0.21875 0.671875 0.234375 0.640625 0.234375 0.640625 0.21875 0.625 0.21875 0.625 0.1875 0.640625 0.1875 0.640625 0.15625 0.65625 0.15625 0.65625 0.140625 0.671875 0.140625 0.671875 0.125 0.703125 0.125
1 0.546875 0.25 0.546875 0.234375 0.578125 0.234375 0.578125 0.25 0.59375 0.25 0.59375 0.265625 0.609375 0.265625 0.609375 0.28125 0.625 0.28125 0.625 0.328125 0.609375 0.328125 0.609375 0.34375 0.578125 0.34375 0.578125 0.328125 0.5625 0.328125 0.5625 0.3125 0.546875 0.3125 0.546875 0.28125 0.53125 0.28125 0.53125 0.25
7 0.734375 0.15625 0.84375 0.15625 0.84375 0.265625 0.734375 0.265625
7 0.90625 0.15625 0.90625 0.265625 0.84375 0.265625 0.84375 0.15625
7 0.84375 0.375 0.90625 0.375 0.90625 0.265625 0.84375 0.265625
7 0.84375 0.09375 0.84375 0.15625 0.734375 0.15625 0.734375 0.09375
7 0.84375 0.265625 0.84375 0.328125 0.734375 0.328125 0.734375 0.265625
2 1.0 0.15625 1.0 0.265625 0.90625 0.265625 0.90625 0.15625
2 1.0 0.265625 1.0 0.375 0.90625 0.375 0.90625 0.265625
2 0.734375 0.09375 0.84375 0.09375 0.84375 0.0 0.734375 0.0
2 0.734375 0.421875 0.84375 0.421875 0.84375 0.328125 0.734375 0.328125
2 0.734375 0.53125 0.84375 0.53125 0.84375 0.421875 0.734375 0.421875
