0 0 0.3125 0.859375 0.3125 0.827969 0.375 0.827969 0.374688 0.859063
0 0 0.312188 0.796875 0.3125 0.765469 0.375625 0.765625 0.375625 0.797031
0 8 0.405938 0.827969 0.40625 0.796875 0.4375 0.796875 0.4375 0.78125 0.46875 0.781094 0.46875 0.84375 0.4375 0.84375 0.437812 0.827969
0 7 0.25 0.874844 0.25 0.75 0.500313 0.749531 0.5 0.875469
0 7 0.25 1.0 0.25 0.875469 0.500313 0.875 0.5 1.0
0 7 0.250937 0.75 0.250937 0.625156 0.50125 0.624688 0.500313 0.749844
0 7 0.250937 0.625156 0.250937 0.500312 0.500625 0.5 0.50125 0.624844
0 7 0.00125 0.874062 0.00125 0.749219 0.251563 0.74875 0.25125 0.874688
0 7 0.0 0.749219 0.0 0.624375 0.249688 0.623906 0.249375 0.749844
0 7 0.625 0.687344 0.624687 0.562344 1.0 0.5625 1.0 0.688594
0 7 0.624687 0.562344 0.624375 0.437344 1.0 0.4375 1.0 0.562344
0 7 0.625313 0.374844 0.625 0.437344 1.0 0.437344 1.0 0.374844
0 7 0.625 0.687344 0.625625 0.749844 1.0 0.75 1.0 0.688437
0 7 0.500313 0.687656 0.500625 0.562344 0.624687 0.562344 0.624687 0.687344
0 7 0.500313 0.562188 0.5 0.437813 0.624375 0.437344 0.624687 0.562188
0 3 0.500313 0.875156 0.625313 0.875156 0.625313 0.9375 0.499688 0.9375
0 3 0.500313 0.812656 0.625313 0.8125 0.625313 0.875 0.499688 0.875
0 3 0.625313 0.875 0.812813 0.874844 0.8125 0.9375 0.625313 0.937656
0 3 0.625313 0.937969 0.812813 0.937813 0.8125 1.0 0.625313 1.0
0 3 0.625313 0.812031 0.812813 0.811875 0.8125 0.874531 0.625313 0.874531
0 3 0.625 0.749688 0.8125 0.749844 0.812187 0.812188 0.625 0.812344
