0 0 0.859375 0.6875 0.827969 0.6875 0.827969 0.625 0.859063 0.625312
0 0 0.796875 0.687812 0.765469 0.6875 0.765625 0.624375 0.797031 0.624375
0 8 0.827969 0.594062 0.796875 0.59375 0.796875 0.5625 0.78125 0.5625 0.781094 0.53125 0.84375 0.53125 0.84375 0.5625 0.827969 0.562188
0 7 0.874844 0.75 0.75 0.75 0.749531 0.499687 0.875469 0.5
0 7 1.0 0.75 0.875469 0.75 0.875 0.499687 1.0 0.5
0 7 0.75 0.749063 0.625156 0.749063 0.624688 0.49875 0.749844 0.499687
0 7 0.625156 0.749063 0.500312 0.749063 0.5 0.499375 0.624844 0.49875
0 7 0.874062 0.99875 0.749219 0.99875 0.74875 0.748437 0.874688 0.74875
0 7 0.749219 1.0 0.624375 1.0 0.623906 0.750312 0.749844 0.750625
0 7 0.687344 0.375 0.562344 0.375313 0.5625 0.0 0.688594 0.0
0 7 0.562344 0.375313 0.437344 0.375625 0.4375 0.0 0.562344 0.0
0 7 0.374844 0.374687 0.437344 0.375 0.437344 0.0 0.374844 0.0
0 7 0.687344 0.375 0.749844 0.374375 0.75 0.0 0.688437 0.0
0 7 0.687656 0.499687 0.562344 0.499375 0.562344 0.375313 0.687344 0.375313
0 7 0.562188 0.499687 0.437813 0.5 0.437344 0.375625 0.562188 0.375313
0 3 0.875156 0.499687 0.875156 0.374687 0.9375 0.374687 0.9375 0.500312
0 3 0.812656 0.499687 0.8125 0.374687 0.875 0.374687 0.875 0.500312
0 3 0.875 0.374687 0.874844 0.187187 0.9375 0.1875 0.937656 0.374687
0 3 0.937969 0.374687 0.937813 0.187187 1.0 0.1875 1.0 0.374687
0 3 0.812031 0.374687 0.811875 0.187187 0.874531 0.1875 0.874531 0.374687
0 3 0.749688 0.375 0.749844 0.1875 0.812188 0.187813 0.812344 0.375
