0 0.96875 0.84375 0.9375 0.84375 0.9375 0.828125 0.96875 0.828125
0 0.75 0.84375 0.71875 0.84375 0.71875 0.828125 0.75 0.828125
7 0.90625 0.796875 0.90625 0.90625 0.78125 0.90625 0.78125 0.796875
7 0.6875 0.796875 0.6875 0.90625 0.78125 0.90625 0.78125 0.796875
7 0.90625 0.796875 0.90625 0.90625 1.0 0.90625 1.0 0.796875
7 0.78125 1.0 0.90625 1.0 0.90625 0.90625 0.78125 0.90625
7 0.65625 1.0 0.78125 1.0 0.78125 0.90625 0.65625 0.90625
7 0.5625 0.796875 0.5625 0.90625 0.6875 0.90625 0.6875 0.796875
2 0.203125 1.0 0.328125 1.0 0.328125 0.796875 0.203125 0.796875
2 0.328125 1.0 0.453125 1.0 0.453125 0.796875 0.328125 0.796875
2 0.65625 0.6875 0.453125 0.6875 0.453125 0.796875 0.65625 0.796875
2 0.203125 0.6875 0.0 0.6875 0.0 0.796875 0.203125 0.796875
2 0.453125 0.6875 0.328125 0.6875 0.328125 0.796875 0.453125 0.796875
2 0.328125 0.6875 0.203125 0.6875 0.203125 0.796875 0.328125 0.796875
17 0.703125 0.578125 0.703125 0.59375 0.609375 0.59375 0.609375 0.6875 0.296875 0.6875 0.296875 0.59375 0.203125 0.59375 0.203125 0.578125
17 0.015625 0.859375 0.015625 0.921875 0.09375 0.921875 0.09375 1.0 0.125 1.0 0.125 0.921875 0.203125 0.921875 0.203125 0.859375
17 0.0 0.515625 0.0 0.578125 0.109375 0.578125 0.109375 0.6875 0.140625 0.6875 0.140625 0.578125 0.25 0.578125 0.25 0.515625
