0 0 0.15625 0.96875 0.15625 0.9375 0.171875 0.9375 0.171875 0.96875
0 0 0.15625 0.75 0.15625 0.71875 0.171875 0.71875 0.171875 0.75
0 7 0.203125 0.90625 0.09375 0.90625 0.09375 0.78125 0.203125 0.78125
0 7 0.203125 0.6875 0.09375 0.6875 0.09375 0.78125 0.203125 0.78125
0 7 0.203125 0.90625 0.09375 0.90625 0.09375 1.0 0.203125 1.0
0 7 0.0 0.78125 0.0 0.90625 0.09375 0.90625 0.09375 0.78125
0 7 0.0 0.65625 0.0 0.78125 0.09375 0.78125 0.09375 0.65625
0 7 0.203125 0.5625 0.09375 0.5625 0.09375 0.6875 0.203125 0.6875
0 2 0.0 0.203125 0.0 0.328125 0.203125 0.328125 0.203125 0.203125
0 2 0.0 0.328125 0.0 0.453125 0.203125 0.453125 0.203125 0.328125
0 2 0.3125 0.65625 0.3125 0.453125 0.203125 0.453125 0.203125 0.65625
0 2 0.3125 0.203125 0.3125 0.0 0.203125 0.0 0.203125 0.203125
0 2 0.3125 0.453125 0.3125 0.328125 0.203125 0.328125 0.203125 0.453125
0 2 0.3125 0.328125 0.3125 0.203125 0.203125 0.203125 0.203125 0.328125
0 17 0.421875 0.703125 0.40625 0.703125 0.40625 0.609375 0.3125 0.609375 0.3125 0.296875 0.40625 0.296875 0.40625 0.203125 0.421875 0.203125
0 17 0.140625 0.015625 0.078125 0.015625 0.078125 0.09375 0.0 0.09375 0.0 0.125 0.078125 0.125 0.078125 0.203125 0.140625 0.203125
0 17 0.484375 0.0 0.421875 0.0 0.421875 0.109375 0.3125 0.109375 0.3125 0.140625 0.421875 0.140625 0.421875 0.25 0.484375 0.25
