0 0 0.84375 0.03125 0.84375 0.0625 0.828125 0.0625 0.828125 0.03125
0 0 0.84375 0.25 0.84375 0.28125 0.828125 0.28125 0.828125 0.25
0 7 0.796875 0.09375 0.90625 0.09375 0.90625 0.21875 0.796875 0.21875
0 7 0.796875 0.3125 0.90625 0.3125 0.90625 0.21875 0.796875 0.21875
0 7 0.796875 0.09375 0.90625 0.09375 0.90625 0.0 0.796875 0.0
0 7 1.0 0.21875 1.0 0.09375 0.90625 0.09375 0.90625 0.21875
0 7 1.0 0.34375 1.0 0.21875 0.90625 0.21875 0.90625 0.34375
0 7 0.796875 0.4375 0.90625 0.4375 0.90625 0.3125 0.796875 0.3125
0 2 1.0 0.796875 1.0 0.671875 0.796875 0.671875 0.796875 0.796875
0 2 1.0 0.671875 1.0 0.546875 0.796875 0.546875 0.796875 0.671875
0 2 0.6875 0.34375 0.6875 0.546875 0.796875 0.546875 0.796875 0.34375
0 2 0.6875 0.796875 0.6875 1.0 0.796875 1.0 0.796875 0.796875
0 2 0.6875 0.546875 0.6875 0.671875 0.796875 0.671875 0.796875 0.546875
0 2 0.6875 0.671875 0.6875 0.796875 0.796875 0.796875 0.796875 0.671875
0 17 0.578125 0.296875 0.59375 0.296875 0.59375 0.390625 0.6875 0.390625 0.6875 0.703125 0.59375 0.703125 0.59375 0.796875 0.578125 0.796875
0 17 0.859375 0.984375 0.921875 0.984375 0.921875 0.90625 1.0 0.90625 1.0 0.875 0.921875 0.875 0.921875 0.796875 0.859375 0.796875
0 17 0.515625 1.0 0.578125 1.0 0.578125 0.890625 0.6875 0.890625 0.6875 0.859375 0.578125 0.859375 0.578125 0.75 0.515625 0.75
