0 8 0.234375 0.15625 0.171875 0.15625 0.171875 0.203125 0.234375 0.203125
0 8 0.253906 0.25 0.253906 0.203125 0.316406 0.203125 0.316406 0.25
0 4 0.269531 0.246094 0.269531 0.242188 0.308594 0.242188 0.308594 0.210938 0.269531 0.210938 0.269531 0.207031 0.3125 0.207031 0.3125 0.246094
0 4 0.1875 0.199219 0.1875 0.195312 0.226562 0.195312 0.226562 0.164062 0.1875 0.164062 0.1875 0.160156 0.230469 0.160156 0.230469 0.199219
0 1 0.347656 1.0 0.347656 0.996094 0.351562 0.996094 0.351562 0.992188 0.355469 0.992188 0.355469 0.988281 0.363281 0.988281 0.363281 0.984375 0.371094 0.984375 0.371094 0.980469 0.363281 0.980469 0.363281 0.976562 0.359375 0.976562 0.359375 0.972656 0.355469 0.972656 0.355469 0.96875 0.351562 0.96875 0.351562 0.964844 0.359375 0.964844 0.359375 0.96875 0.375 0.96875 0.375 0.972656 0.394531 0.972656 0.394531 0.976562 0.414062 0.976562 0.414062 0.972656 0.40625 0.972656 0.40625 0.96875 0.394531 0.96875 0.394531 0.964844 0.386719 0.964844 0.386719 0.960938 0.382812 0.960938 0.382812 0.957031 0.378906 0.957031 0.378906 0.953125 0.375 0.953125 0.375 0.945312 0.378906 0.945312 0.378906 0.949219 0.382812 0.949219 0.382812 0.953125 0.390625 0.953125 0.390625 0.949219 0.386719 0.949219 0.386719 0.945312 0.382812 0.945312 0.382812 0.9375 0.378906 0.9375 0.378906 0.933594 0.375 0.933594 0.375 0.929688 0.371094 0.929688 0.371094 0.921875 0.367188 0.921875 0.367188 0.910156 0.371094 0.910156 0.371094 0.914062 0.375 0.914062 0.375 0.917969 0.378906 0.917969 0.378906 0.921875 0.382812 0.921875 0.382812 0.925781 0.390625 0.925781 0.390625 0.929688 0.398438 0.929688 0.398438 0.933594 0.40625 0.933594 0.40625 0.929688 0.402344 0.929688 0.402344 0.925781 0.398438 0.925781 0.398438 0.917969 0.394531 0.917969 0.394531 0.910156 0.390625 0.910156 0.390625 0.902344 0.386719 0.902344 0.386719 0.890625 0.390625 0.890625 0.390625 0.882812 0.394531 0.882812 0.394531 0.898438 0.398438 0.898438 0.398438 0.902344 0.40625 0.902344 0.40625 0.894531 0.410156 0.894531 0.410156 0.898438 0.417969 0.898438 0.417969 0.894531 0.414062 0.894531 0.414062 0.886719 0.410156 0.886719 0.410156 0.863281 0.414062 0.863281 0.414062 0.867188 0.417969 0.867188 0.417969 0.871094 0.425781 0.871094 0.425781 0.875 0.433594 0.875 0.433594 0.871094 0.429688 0.871094 0.429688 0.855469 0.433594 0.855469 0.433594 0.859375 0.4375 0.859375 0.4375 0.863281 0.441406 0.863281 0.441406 0.867188 0.453125 0.867188 0.453125 0.863281 0.457031 0.863281 0.457031 0.859375 0.460938 0.859375 0.460938 0.847656 0.464844 0.847656 0.464844 0.832031 0.46875 0.832031 0.46875 0.835938 0.472656 0.835938 0.472656 0.839844 0.488281 0.839844 0.488281 0.835938 0.496094 0.835938 0.496094 0.832031 0.503906 0.832031 0.503906 0.828125 0.507812 0.828125 0.507812 0.824219 0.511719 0.824219 0.511719 0.808594 0.507812 0.808594 0.507812 0.800781 0.503906 0.800781 0.503906 0.796875 0.5 0.796875 0.5 0.792969 0.488281 0.792969 0.488281 0.789062 0.480469 0.789062 0.476562 0.789062 0.476562 0.785156 0.464844 0.785156 0.464844 0.78125 0.5625 0.78125 0.5625 1.0
0 1 0.734375 1.0 0.734375 0.996094 0.746094 0.996094 0.746094 0.984375 0.730469 0.984375 0.730469 0.988281 0.71875 0.988281 0.71875 0.992188 0.6875 0.992188 0.6875 0.988281 0.699219 0.988281 0.699219 0.984375 0.707031 0.984375 0.707031 0.976562 0.691406 0.976562 0.691406 0.972656 0.699219 0.964844 0.6875 0.96875 0.667969 0.96875 0.667969 0.972656 0.648438 0.972656 0.648438 0.976562 0.625 0.976562 0.625 0.972656 0.632812 0.972656 0.632812 0.96875 0.640625 0.96875 0.640625 0.964844 0.644531 0.964844 0.644531 0.960938 0.652344 0.960938 0.652344 0.957031 0.644531 0.957031 0.644531 0.953125 0.621094 0.953125 0.621094 0.957031 0.601562 0.957031 0.601562 0.960938 0.59375 0.960938 0.59375 0.957031 0.597656 0.957031 0.597656 0.949219 0.582031 0.949219 0.582031 0.945312 0.570312 0.945312 0.570312 0.941406 0.566406 0.941406 0.566406 0.9375 0.585938 0.9375 0.585938 0.933594 0.59375 0.933594 0.59375 0.929688 0.601562 0.929688 0.601562 0.925781 0.605469 0.925781 0.605469 0.921875 0.609375 0.921875 0.609375 0.917969 0.617188 0.917969 0.617188 0.914062 0.621094 0.914062 0.621094 0.910156 0.625 0.910156 0.625 0.90625 0.617188 0.90625 0.617188 0.910156 0.609375 0.910156 0.609375 0.914062 0.601562 0.914062 0.601562 0.917969 0.589844 0.917969 0.589844 0.914062 0.582031 0.914062 0.582031 0.910156 0.589844 0.910156 0.589844 0.90625 0.597656 0.90625 0.597656 0.902344 0.601562 0.902344 0.601562 0.898438 0.609375 0.898438 0.609375 0.894531 0.617188 0.894531 0.617188 0.890625 0.621094 0.890625 0.621094 0.886719 0.625 0.886719 0.625 0.882812 0.628906 0.882812 0.628906 0.875 0.632812 0.875 0.632812 0.871094 0.625 0.871094 0.625 0.875 0.617188 0.875 0.617188 0.878906 0.601562 0.878906 0.601562 0.882812 0.589844 0.886719 0.574219 0.886719 0.574219 0.882812 0.5625 0.882812 0.5625 0.878906 0.570312 0.878906 0.570312 0.875 0.582031 0.875 0.582031 0.871094 0.589844 0.871094 0.589844 0.867188 0.59375 0.867188 0.59375 0.859375 0.589844 0.859375 0.589844 0.855469 0.582031 0.855469 0.582031 0.851562 0.589844 0.851562 0.589844 0.847656 0.597656 0.847656 0.597656 0.835938 0.59375 0.835938 0.59375 0.832031 0.589844 0.832031 0.589844 0.828125 0.578125 0.828125 0.578125 0.824219 0.570312 0.824219 0.570312 0.820312 0.566406 0.820312 0.566406 0.816406 0.578125 0.816406 0.578125 0.8125 0.59375 0.8125 0.59375 0.808594 0.582031 0.808594 0.582031 0.804688 0.570312 0.804688 0.570312 0.800781 0.578125 0.800781 0.578125 0.796875 0.582031 0.796875 0.582031 0.792969 0.574219 0.792969 0.574219 0.789062 0.570312 0.789062 0.570312 0.785156 0.5625 0.785156 0.5625 0.78125 0.78125 0.78125 0.78125 1.0
0 2 0.0 0.65625 0.0 0.5625 0.25 0.5625 0.25 0.65625
0 2 0.0 0.75 0.0 0.65625 0.25 0.65625 0.25 0.75
0 2 0.34375 1.0 0.25 1.0 0.25 0.75 0.34375 0.75
0 2 0.34375 0.65625 0.25 0.65625 0.25 0.402344 0.34375 0.402344
0 2 0.34375 0.75 0.25 0.75 0.25 0.65625 0.34375 0.65625
0 2 0.34375 0.402344 0.25 0.402344 0.25 0.3125 0.34375 0.3125
0 0 0.191406 0.496094 0.191406 0.492188 0.195312 0.492188 0.195312 0.480469 0.199219 0.480469 0.199219 0.476562 0.203125 0.476562 0.203125 0.496094
0 0 0.199219 0.460938 0.199219 0.457031 0.195312 0.457031 0.195312 0.445312 0.191406 0.445312 0.191406 0.441406 0.203125 0.441406 0.203125 0.460938
0 7 0.179688 0.5 0.179688 0.4375 0.242188 0.4375 0.242188 0.5
0 7 0.179688 0.5625 0.179688 0.5 0.242188 0.5 0.242188 0.5625
0 7 0.179688 0.4375 0.179688 0.375 0.242188 0.375 0.242188 0.4375
0 7 0.179688 0.375 0.179688 0.3125 0.242188 0.3125 0.242188 0.375
0 7 0.117188 0.5 0.117188 0.4375 0.179688 0.4375 0.179688 0.5
0 7 0.117188 0.4375 0.117188 0.375 0.179688 0.375 0.179688 0.4375
