8 0.15625 0.765625 0.15625 0.828125 0.203125 0.828125 0.203125 0.765625
8 0.25 0.746094 0.203125 0.746094 0.203125 0.683594 0.25 0.683594
4 0.246094 0.730469 0.242188 0.730469 0.242188 0.691406 0.210938 0.691406 0.210938 0.730469 0.207031 0.730469 0.207031 0.6875 0.246094 0.6875
4 0.199219 0.8125 0.195312 0.8125 0.195312 0.773438 0.164062 0.773438 0.164062 0.8125 0.160156 0.8125 0.160156 0.769531 0.199219 0.769531
1 1.0 0.652344 0.996094 0.652344 0.996094 0.648438 0.992188 0.648438 0.992188 0.644531 0.988281 0.644531 0.988281 0.636719 0.984375 0.636719 0.984375 0.628906 0.980469 0.628906 0.980469 0.636719 0.976562 0.636719 0.976562 0.640625 0.972656 0.640625 0.972656 0.644531 0.96875 0.644531 0.96875 0.648438 0.964844 0.648438 0.964844 0.640625 0.96875 0.640625 0.96875 0.625 0.972656 0.625 0.972656 0.605469 0.976562 0.605469 0.976562 0.585938 0.972656 0.585938 0.972656 0.59375 0.96875 0.59375 0.96875 0.605469 0.964844 0.605469 0.964844 0.613281 0.960938 0.613281 0.960938 0.617188 0.957031 0.617188 0.957031 0.621094 0.953125 0.621094 0.953125 0.625 0.945312 0.625 0.945312 0.621094 0.949219 0.621094 0.949219 0.617188 0.953125 0.617188 0.953125 0.609375 0.949219 0.609375 0.949219 0.613281 0.945312 0.613281 0.945312 0.617188 0.9375 0.617188 0.9375 0.621094 0.933594 0.621094 0.933594 0.625 0.929688 0.625 0.929688 0.628906 0.921875 0.628906 0.921875 0.632812 0.910156 0.632812 0.910156 0.628906 0.914062 0.628906 0.914062 0.625 0.917969 0.625 0.917969 0.621094 0.921875 0.621094 0.921875 0.617188 0.925781 0.617188 0.925781 0.609375 0.929688 0.609375 0.929688 0.601562 0.933594 0.601562 0.933594 0.59375 0.929688 0.59375 0.929688 0.597656 0.925781 0.597656 0.925781 0.601562 0.917969 0.601562 0.917969 0.605469 0.910156 0.605469 0.910156 0.609375 0.902344 0.609375 0.902344 0.613281 0.890625 0.613281 0.890625 0.609375 0.882812 0.609375 0.882812 0.605469 0.898438 0.605469 0.898438 0.601562 0.902344 0.601562 0.902344 0.59375 0.894531 0.59375 0.894531 0.589844 0.898438 0.589844 0.898438 0.582031 0.894531 0.582031 0.894531 0.585938 0.886719 0.585938 0.886719 0.589844 0.863281 0.589844 0.863281 0.585938 0.867188 0.585938 0.867188 0.582031 0.871094 0.582031 0.871094 0.574219 0.875 0.574219 0.875 0.566406 0.871094 0.566406 0.871094 0.570312 0.855469 0.570312 0.855469 0.566406 0.859375 0.566406 0.859375 0.5625 0.863281 0.5625 0.863281 0.558594 0.867188 0.558594 0.867188 0.546875 0.863281 0.546875 0.863281 0.542969 0.859375 0.542969 0.859375 0.539062 0.847656 0.539062 0.847656 0.535156 0.832031 0.535156 0.832031 0.53125 0.835938 0.53125 0.835938 0.527344 0.839844 0.527344 0.839844 0.511719 0.835938 0.511719 0.835938 0.503906 0.832031 0.503906 0.832031 0.496094 0.828125 0.496094 0.828125 0.492188 0.824219 0.492188 0.824219 0.488281 0.808594 0.488281 0.808594 0.492188 0.800781 0.492188 0.800781 0.496094 0.796875 0.496094 0.796875 0.5 0.792969 0.5 0.792969 0.511719 0.789062 0.511719 0.789062 0.519531 0.789062 0.523438 0.785156 0.523438 0.785156 0.535156 0.78125 0.535156 0.78125 0.4375 1.0 0.4375
1 1.0 0.265625 0.996094 0.265625 0.996094 0.253906 0.984375 0.253906 0.984375 0.269531 0.988281 0.269531 0.988281 0.28125 0.992188 0.28125 0.992188 0.3125 0.988281 0.3125 0.988281 0.300781 0.984375 0.300781 0.984375 0.292969 0.976562 0.292969 0.976562 0.308594 0.972656 0.308594 0.964844 0.300781 0.96875 0.3125 0.96875 0.332031 0.972656 0.332031 0.972656 0.351562 0.976562 0.351562 0.976562 0.375 0.972656 0.375 0.972656 0.367188 0.96875 0.367188 0.96875 0.359375 0.964844 0.359375 0.964844 0.355469 0.960938 0.355469 0.960938 0.347656 0.957031 0.347656 0.957031 0.355469 0.953125 0.355469 0.953125 0.378906 0.957031 0.378906 0.957031 0.398438 0.960938 0.398438 0.960938 0.40625 0.957031 0.40625 0.957031 0.402344 0.949219 0.402344 0.949219 0.417969 0.945312 0.417969 0.945312 0.429688 0.941406 0.429688 0.941406 0.433594 0.9375 0.433594 0.9375 0.414062 0.933594 0.414062 0.933594 0.40625 0.929688 0.40625 0.929688 0.398438 0.925781 0.398438 0.925781 0.394531 0.921875 0.394531 0.921875 0.390625 0.917969 0.390625 0.917969 0.382812 0.914062 0.382812 0.914062 0.378906 0.910156 0.378906 0.910156 0.375 0.90625 0.375 0.90625 0.382812 0.910156 0.382812 0.910156 0.390625 0.914062 0.390625 0.914062 0.398438 0.917969 0.398438 0.917969 0.410156 0.914062 0.410156 0.914062 0.417969 0.910156 0.417969 0.910156 0.410156 0.90625 0.410156 0.90625 0.402344 0.902344 0.402344 0.902344 0.398438 0.898438 0.398438 0.898438 0.390625 0.894531 0.390625 0.894531 0.382812 0.890625 0.382812 0.890625 0.378906 0.886719 0.378906 0.886719 0.375 0.882812 0.375 0.882812 0.371094 0.875 0.371094 0.875 0.367188 0.871094 0.367188 0.871094 0.375 0.875 0.375 0.875 0.382812 0.878906 0.382812 0.878906 0.398438 0.882812 0.398438 0.886719 0.410156 0.886719 0.425781 0.882812 0.425781 0.882812 0.4375 0.878906 0.4375 0.878906 0.429688 0.875 0.429688 0.875 0.417969 0.871094 0.417969 0.871094 0.410156 0.867188 0.410156 0.867188 0.40625 0.859375 0.40625 0.859375 0.410156 0.855469 0.410156 0.855469 0.417969 0.851562 0.417969 0.851562 0.410156 0.847656 0.410156 0.847656 0.402344 0.835938 0.402344 0.835938 0.40625 0.832031 0.40625 0.832031 0.410156 0.828125 0.410156 0.828125 0.421875 0.824219 0.421875 0.824219 0.429688 0.820312 0.429688 0.820312 0.433594 0.816406 0.433594 0.816406 0.421875 0.8125 0.421875 0.8125 0.40625 0.808594 0.40625 0.808594 0.417969 0.804688 0.417969 0.804688 0.429688 0.800781 0.429688 0.800781 0.421875 0.796875 0.421875 0.796875 0.417969 0.792969 0.417969 0.792969 0.425781 0.789062 0.425781 0.789062 0.429688 0.785156 0.429688 0.785156 0.4375 0.78125 0.4375 0.78125 0.21875 1.0 0.21875
2 0.65625 1.0 0.5625 1.0 0.5625 0.75 0.65625 0.75
2 0.75 1.0 0.65625 1.0 0.65625 0.75 0.75 0.75
2 1.0 0.65625 1.0 0.75 0.75 0.75 0.75 0.65625
2 0.65625 0.65625 0.65625 0.75 0.402344 0.75 0.402344 0.65625
2 0.75 0.65625 0.75 0.75 0.65625 0.75 0.65625 0.65625
2 0.402344 0.65625 0.402344 0.75 0.3125 0.75 0.3125 0.65625
0 0.496094 0.808594 0.492188 0.808594 0.492188 0.804688 0.480469 0.804688 0.480469 0.800781 0.476562 0.800781 0.476562 0.796875 0.496094 0.796875
0 0.460938 0.800781 0.457031 0.800781 0.457031 0.804688 0.445312 0.804688 0.445312 0.808594 0.441406 0.808594 0.441406 0.796875 0.460938 0.796875
7 0.5 0.820312 0.4375 0.820312 0.4375 0.757812 0.5 0.757812
7 0.5625 0.820312 0.5 0.820312 0.5 0.757812 0.5625 0.757812
7 0.4375 0.820312 0.375 0.820312 0.375 0.757812 0.4375 0.757812
7 0.375 0.820312 0.3125 0.820312 0.3125 0.757812 0.375 0.757812
7 0.5 0.882812 0.4375 0.882812 0.4375 0.820312 0.5 0.820312
7 0.4375 0.882812 0.375 0.882812 0.375 0.820312 0.4375 0.820312
