0 8 0.765625 0.84375 0.828125 0.84375 0.828125 0.796875 0.765625 0.796875
0 8 0.746094 0.75 0.746094 0.796875 0.683594 0.796875 0.683594 0.75
0 4 0.730469 0.753906 0.730469 0.757812 0.691406 0.757812 0.691406 0.789062 0.730469 0.789062 0.730469 0.792969 0.6875 0.792969 0.6875 0.753906
0 4 0.8125 0.800781 0.8125 0.804688 0.773438 0.804688 0.773438 0.835938 0.8125 0.835938 0.8125 0.839844 0.769531 0.839844 0.769531 0.800781
0 1 0.652344 0.0 0.652344 0.003906 0.648438 0.003906 0.648438 0.007812 0.644531 0.007812 0.644531 0.011719 0.636719 0.011719 0.636719 0.015625 0.628906 0.015625 0.628906 0.019531 0.636719 0.019531 0.636719 0.023438 0.640625 0.023438 0.640625 0.027344 0.644531 0.027344 0.644531 0.03125 0.648438 0.03125 0.648438 0.035156 0.640625 0.035156 0.640625 0.03125 0.625 0.03125 0.625 0.027344 0.605469 0.027344 0.605469 0.023438 0.585938 0.023438 0.585938 0.027344 0.59375 0.027344 0.59375 0.03125 0.605469 0.03125 0.605469 0.035156 0.613281 0.035156 0.613281 0.039062 0.617188 0.039062 0.617188 0.042969 0.621094 0.042969 0.621094 0.046875 0.625 0.046875 0.625 0.054688 0.621094 0.054688 0.621094 0.050781 0.617188 0.050781 0.617188 0.046875 0.609375 0.046875 0.609375 0.050781 0.613281 0.050781 0.613281 0.054688 0.617188 0.054688 0.617188 0.0625 0.621094 0.0625 0.621094 0.066406 0.625 0.066406 0.625 0.070312 0.628906 0.070312 0.628906 0.078125 0.632812 0.078125 0.632812 0.089844 0.628906 0.089844 0.628906 0.085938 0.625 0.085938 0.625 0.082031 0.621094 0.082031 0.621094 0.078125 0.617188 0.078125 0.617188 0.074219 0.609375 0.074219 0.609375 0.070312 0.601562 0.070312 0.601562 0.066406 0.59375 0.066406 0.59375 0.070312 0.597656 0.070312 0.597656 0.074219 0.601562 0.074219 0.601562 0.082031 0.605469 0.082031 0.605469 0.089844 0.609375 0.089844 0.609375 0.097656 0.613281 0.097656 0.613281 0.109375 0.609375 0.109375 0.609375 0.117188 0.605469 0.117188 0.605469 0.101562 0.601562 0.101562 0.601562 0.097656 0.59375 0.097656 0.59375 0.105469 0.589844 0.105469 0.589844 0.101562 0.582031 0.101562 0.582031 0.105469 0.585938 0.105469 0.585938 0.113281 0.589844 0.113281 0.589844 0.136719 0.585938 0.136719 0.585938 0.132812 0.582031 0.132812 0.582031 0.128906 0.574219 0.128906 0.574219 0.125 0.566406 0.125 0.566406 0.128906 0.570312 0.128906 0.570312 0.144531 0.566406 0.144531 0.566406 0.140625 0.5625 0.140625 0.5625 0.136719 0.558594 0.136719 0.558594 0.132812 0.546875 0.132812 0.546875 0.136719 0.542969 0.136719 0.542969 0.140625 0.539062 0.140625 0.539062 0.152344 0.535156 0.152344 0.535156 0.167969 0.53125 0.167969 0.53125 0.164062 0.527344 0.164062 0.527344 0.160156 0.511719 0.160156 0.511719 0.164062 0.503906 0.164062 0.503906 0.167969 0.496094 0.167969 0.496094 0.171875 0.492188 0.171875 0.492188 0.175781 0.488281 0.175781 0.488281 0.191406 0.492188 0.191406 0.492188 0.199219 0.496094 0.199219 0.496094 0.203125 0.5 0.203125 0.5 0.207031 0.511719 0.207031 0.511719 0.210938 0.519531 0.210938 0.523438 0.210938 0.523438 0.214844 0.535156 0.214844 0.535156 0.21875 0.4375 0.21875 0.4375 0.0
0 1 0.265625 0.0 0.265625 0.003906 0.253906 0.003906 0.253906 0.015625 0.269531 0.015625 0.269531 0.011719 0.28125 0.011719 0.28125 0.007812 0.3125 0.007812 0.3125 0.011719 0.300781 0.011719 0.300781 0.015625 0.292969 0.015625 0.292969 0.023438 0.308594 0.023438 0.308594 0.027344 0.300781 0.035156 0.3125 0.03125 0.332031 0.03125 0.332031 0.027344 0.351562 0.027344 0.351562 0.023438 0.375 0.023438 0.375 0.027344 0.367188 0.027344 0.367188 0.03125 0.359375 0.03125 0.359375 0.035156 0.355469 0.035156 0.355469 0.039062 0.347656 0.039062 0.347656 0.042969 0.355469 0.042969 0.355469 0.046875 0.378906 0.046875 0.378906 0.042969 0.398438 0.042969 0.398438 0.039062 0.40625 0.039062 0.40625 0.042969 0.402344 0.042969 0.402344 0.050781 0.417969 0.050781 0.417969 0.054688 0.429688 0.054688 0.429688 0.058594 0.433594 0.058594 0.433594 0.0625 0.414062 0.0625 0.414062 0.066406 0.40625 0.066406 0.40625 0.070312 0.398438 0.070312 0.398438 0.074219 0.394531 0.074219 0.394531 0.078125 0.390625 0.078125 0.390625 0.082031 0.382812 0.082031 0.382812 0.085938 0.378906 0.085938 0.378906 0.089844 0.375 0.089844 0.375 0.09375 0.382812 0.09375 0.382812 0.089844 0.390625 0.089844 0.390625 0.085938 0.398438 0.085938 0.398438 0.082031 0.410156 0.082031 0.410156 0.085938 0.417969 0.085938 0.417969 0.089844 0.410156 0.089844 0.410156 0.09375 0.402344 0.09375 0.402344 0.097656 0.398438 0.097656 0.398438 0.101562 0.390625 0.101562 0.390625 0.105469 0.382812 0.105469 0.382812 0.109375 0.378906 0.109375 0.378906 0.113281 0.375 0.113281 0.375 0.117188 0.371094 0.117188 0.371094 0.125 0.367188 0.125 0.367188 0.128906 0.375 0.128906 0.375 0.125 0.382812 0.125 0.382812 0.121094 0.398438 0.121094 0.398438 0.117188 0.410156 0.113281 0.425781 0.113281 0.425781 0.117188 0.4375 0.117188 0.4375 0.121094 0.429688 0.121094 0.429688 0.125 0.417969 0.125 0.417969 0.128906 0.410156 0.128906 0.410156 0.132812 0.40625 0.132812 0.40625 0.140625 0.410156 0.140625 0.410156 0.144531 0.417969 0.144531 0.417969 0.148438 0.410156 0.148438 0.410156 0.152344 0.402344 0.152344 0.402344 0.164062 0.40625 0.164062 0.40625 0.167969 0.410156 0.167969 0.410156 0.171875 0.421875 0.171875 0.421875 0.175781 0.429688 0.175781 0.429688 0.179688 0.433594 0.179688 0.433594 0.183594 0.421875 0.183594 0.421875 0.1875 0.40625 0.1875 0.40625 0.191406 0.417969 0.191406 0.417969 0.195312 0.429688 0.195312 0.429688 0.199219 0.421875 0.199219 0.421875 0.203125 0.417969 0.203125 0.417969 0.207031 0.425781 0.207031 0.425781 0.210938 0.429688 0.210938 0.429688 0.214844 0.4375 0.214844 0.4375 0.21875 0.21875 0.21875 0.21875 0.0
0 2 1.0 0.34375 1.0 0.4375 0.75 0.4375 0.75 0.34375
0 2 1.0 0.25 1.0 0.34375 0.75 0.34375 0.75 0.25
0 2 0.65625 0.0 0.75 0.0 0.75 0.25 0.65625 0.25
0 2 0.65625 0.34375 0.75 0.34375 0.75 0.597656 0.65625 0.597656
0 2 0.65625 0.25 0.75 0.25 0.75 0.34375 0.65625 0.34375
0 2 0.65625 0.597656 0.75 0.597656 0.75 0.6875 0.65625 0.6875
0 0 0.808594 0.503906 0.808594 0.507812 0.804688 0.507812 0.804688 0.519531 0.800781 0.519531 0.800781 0.523438 0.796875 0.523438 0.796875 0.503906
0 0 0.800781 0.539062 0.800781 0.542969 0.804688 0.542969 0.804688 0.554688 0.808594 0.554688 0.808594 0.558594 0.796875 0.558594 0.796875 0.539062
0 7 0.820312 0.5 0.820312 0.5625 0.757812 0.5625 0.757812 0.5
0 7 0.820312 0.4375 0.820312 0.5 0.757812 0.5 0.757812 0.4375
0 7 0.820312 0.5625 0.820312 0.625 0.757812 0.625 0.757812 0.5625
0 7 0.820312 0.625 0.820312 0.6875 0.757812 0.6875 0.757812 0.625
0 7 0.882812 0.5 0.882812 0.5625 0.820312 0.5625 0.820312 0.5
0 7 0.882812 0.5625 0.882812 0.625 0.820312 0.625 0.820312 0.5625
