0 0 0.625 0.125 0.625 0.171875 0.59375 0.171875 0.59375 0.125
0 0 0.625 0.203125 0.625 0.25 0.59375 0.25 0.59375 0.203125
0 7 0.75 0.125 0.5625 0.125 0.5625 0.25 0.75 0.25
0 7 0.75 0.0 0.75 0.125 0.53125 0.125 0.53125 0.0625 0.5 0.0625 0.5 0.0
0 7 0.75 0.25 0.75 0.375 0.5 0.375 0.5 0.3125 0.53125 0.3125 0.53125 0.25
0 7 1.0 0.125 1.0 0.25 0.75 0.25 0.75 0.125
0 7 0.75 0.375 0.75 0.5 0.5 0.5 0.5 0.375
0 7 0.5 0.25 0.5 0.375 0.25 0.375 0.25 0.25
0 2 0.375 0.5625 0.375 0.6875 0.0 0.6875 0.0 0.5625
0 2 0.375 0.6875 0.375 0.8125 0.0 0.8125 0.0 0.6875
0 3 0.9375 0.90625 0.9375 0.9375 0.0 0.9375 0.0 0.90625
0 3 0.9375 0.9375 0.9375 0.96875 0.0 0.96875 0.0 0.9375
0 3 0.9375 0.875 0.9375 0.90625 0.0 0.90625 0.0 0.875
0 3 0.9375 0.96875 0.9375 1.0 0.0 1.0 0.0 0.96875
0 3 1.0 0.90625 0.9375 0.90625 0.9375 0.9375 1.0 0.9375
0 3 1.0 0.9375 0.9375 0.9375 0.9375 0.96875 1.0 0.96875
0 2 0.375 0.8125 0.375 0.875 0.0 0.875 0.0 0.8125
0 2 0.375 0.5 0.375 0.5625 0.0 0.5625 0.0 0.5
0 2 0.5 0.5625 0.5 0.8125 0.375 0.8125 0.375 0.5625
0 2 0.5 0.5625 0.5 0.8125 0.375 0.8125 0.375 0.5625
