0 0.875 0.625 0.828125 0.625 0.828125 0.59375 0.875 0.59375
0 0.796875 0.625 0.75 0.625 0.75 0.59375 0.796875 0.59375
7 0.875 0.75 0.875 0.5625 0.75 0.5625 0.75 0.75
7 1.0 0.75 0.875 0.75 0.875 0.53125 0.9375 0.53125 0.9375 0.5 1.0 0.5
7 0.75 0.75 0.625 0.75 0.625 0.5 0.6875 0.5 0.6875 0.53125 0.75 0.53125
7 0.875 1.0 0.75 1.0 0.75 0.75 0.875 0.75
7 0.625 0.75 0.5 0.75 0.5 0.5 0.625 0.5
7 0.75 0.5 0.625 0.5 0.625 0.25 0.75 0.25
2 0.4375 0.375 0.3125 0.375 0.3125 0.0 0.4375 0.0
2 0.3125 0.375 0.1875 0.375 0.1875 0.0 0.3125 0.0
3 0.09375 0.9375 0.0625 0.9375 0.0625 0.0 0.09375 0.0
3 0.0625 0.9375 0.03125 0.9375 0.03125 0.0 0.0625 0.0
3 0.125 0.9375 0.09375 0.9375 0.09375 0.0 0.125 0.0
3 0.03125 0.9375 0.0 0.9375 0.0 0.0 0.03125 0.0
3 0.09375 1.0 0.09375 0.9375 0.0625 0.9375 0.0625 1.0
3 0.0625 1.0 0.0625 0.9375 0.03125 0.9375 0.03125 1.0
2 0.1875 0.375 0.125 0.375 0.125 0.0 0.1875 0.0
2 0.5 0.375 0.4375 0.375 0.4375 0.0 0.5 0.0
2 0.4375 0.5 0.1875 0.5 0.1875 0.375 0.4375 0.375
2 0.4375 0.5 0.1875 0.5 0.1875 0.375 0.4375 0.375
