0 0 0.125 0.375 0.171875 0.375 0.171875 0.40625 0.125 0.40625
0 0 0.203125 0.375 0.25 0.375 0.25 0.40625 0.203125 0.40625
0 7 0.125 0.25 0.125 0.4375 0.25 0.4375 0.25 0.25
0 7 0.0 0.25 0.125 0.25 0.125 0.46875 0.0625 0.46875 0.0625 0.5 0.0 0.5
0 7 0.25 0.25 0.375 0.25 0.375 0.5 0.3125 0.5 0.3125 0.46875 0.25 0.46875
0 7 0.125 0.0 0.25 0.0 0.25 0.25 0.125 0.25
0 7 0.375 0.25 0.5 0.25 0.5 0.5 0.375 0.5
0 7 0.25 0.5 0.375 0.5 0.375 0.75 0.25 0.75
0 2 0.5625 0.625 0.6875 0.625 0.6875 1.0 0.5625 1.0
0 2 0.6875 0.625 0.8125 0.625 0.8125 1.0 0.6875 1.0
0 3 0.90625 0.0625 0.9375 0.0625 0.9375 1.0 0.90625 1.0
0 3 0.9375 0.0625 0.96875 0.0625 0.96875 1.0 0.9375 1.0
0 3 0.875 0.0625 0.90625 0.0625 0.90625 1.0 0.875 1.0
0 3 0.96875 0.0625 1.0 0.0625 1.0 1.0 0.96875 1.0
0 3 0.90625 0.0 0.90625 0.0625 0.9375 0.0625 0.9375 0.0
0 3 0.9375 0.0 0.9375 0.0625 0.96875 0.0625 0.96875 0.0
0 2 0.8125 0.625 0.875 0.625 0.875 1.0 0.8125 1.0
0 2 0.5 0.625 0.5625 0.625 0.5625 1.0 0.5 1.0
0 2 0.5625 0.5 0.8125 0.5 0.8125 0.625 0.5625 0.625
0 2 0.5625 0.5 0.8125 0.5 0.8125 0.625 0.5625 0.625
