0 0.34375 0.28125 0.34375 0.359375 0.3125 0.359375 0.3125 0.28125
0 0.34375 0.390625 0.34375 0.46875 0.3125 0.46875 0.3125 0.390625
8 0.125 0.34375 0.125 0.40625 0.09375 0.40625 0.09375 0.34375
7 1.0 0.5 1.0 0.75 0.5 0.75 0.5 0.5
7 1.0 0.25 1.0 0.5 0.5 0.5 0.5 0.25
7 0.5 0.25 0.5 0.5 0.0 0.5 0.0 0.25
7 0.5 0.5 0.5 0.75 0.0 0.75 0.0 0.5
7 0.5 0.75 0.5 1.0 0.0 1.0 0.0 0.75
7 0.5 0.0 0.5 0.25 0.0 0.25 0.0 0.0
3 1.0 0.09375 0.9375 0.09375 0.9375 0.0625 1.0 0.0625
3 1.0 0.0625 0.9375 0.0625 0.9375 0.03125 1.0 0.03125
3 0.9375 0.125 0.5 0.125 0.5 0.09375 0.9375 0.09375
3 0.9375 0.09375 0.5 0.09375 0.5 0.0625 0.9375 0.0625
3 0.9375 0.0625 0.5 0.0625 0.5 0.03125 0.9375 0.03125
3 0.9375 0.03125 0.5 0.03125 0.5 0.0 0.9375 0.0
