0 0.71875 0.34375 0.640625 0.34375 0.640625 0.3125 0.71875 0.3125
0 0.609375 0.34375 0.53125 0.34375 0.53125 0.3125 0.609375 0.3125
8 0.65625 0.125 0.59375 0.125 0.59375 0.09375 0.65625 0.09375
7 0.5 1.0 0.25 1.0 0.25 0.5 0.5 0.5
7 0.75 1.0 0.5 1.0 0.5 0.5 0.75 0.5
7 0.75 0.5 0.5 0.5 0.5 0.0 0.75 0.0
7 0.5 0.5 0.25 0.5 0.25 0.0 0.5 0.0
7 0.25 0.5 0.0 0.5 0.0 0.0 0.25 0.0
7 1.0 0.5 0.75 0.5 0.75 0.0 1.0 0.0
3 0.90625 1.0 0.90625 0.9375 0.9375 0.9375 0.9375 1.0
3 0.9375 1.0 0.9375 0.9375 0.96875 0.9375 0.96875 1.0
3 0.875 0.9375 0.875 0.5 0.90625 0.5 0.90625 0.9375
3 0.90625 0.9375 0.90625 0.5 0.9375 0.5 0.9375 0.9375
3 0.9375 0.9375 0.9375 0.5 0.96875 0.5 0.96875 0.9375
3 0.96875 0.9375 0.96875 0.5 1.0 0.5 1.0 0.9375
