0 3 0.0625 0.15625 0.0625 0.125 0.625 0.125 0.625 0.15625
0 3 0.0625 0.1875 0.0625 0.15625 0.625 0.15625 0.625 0.1875
0 3 0.0625 0.21875 0.0625 0.1875 0.625 0.1875 0.625 0.21875
0 3 0.0625 0.25 0.0625 0.21875 0.625 0.21875 0.625 0.25
0 3 0.0 0.21875 0.0 0.1875 0.0625 0.1875 0.0625 0.21875
0 3 0.0 0.1875 0.0 0.15625 0.0625 0.15625 0.0625 0.1875
0 4 0.0625 0.59375 0.0625 0.46875 0.3125 0.46875 0.3125 0.59375
0 8 0.03125 0.609375 0.03125 0.453125 0.34375 0.453125 0.34375 0.609375
0 0 0.625 0.796875 0.625 0.765625 0.5625 0.765625 0.5625 0.796875
0 0 0.65625 0.671875 0.65625 0.640625 0.59375 0.640625 0.59375 0.671875
0 7 0.875 0.8125 0.375 0.8125 0.375 0.625 0.875 0.625
0 7 0.875 0.625 0.375 0.625 0.375 0.4375 0.875 0.4375
0 7 0.875 0.4375 0.375 0.4375 0.375 0.25 0.875 0.25
0 7 0.875 1.0 0.375 1.0 0.375 0.8125 0.875 0.8125
0 7 0.375 0.8125 0.0 0.8125 0.0 0.625 0.375 0.625
0 7 0.375 0.625 0.0 0.625 0.0 0.4375 0.375 0.4375
