0 3 0.9375 0.84375 0.9375 0.875 0.375 0.875 0.375 0.84375
0 3 0.9375 0.8125 0.9375 0.84375 0.375 0.84375 0.375 0.8125
0 3 0.9375 0.78125 0.9375 0.8125 0.375 0.8125 0.375 0.78125
0 3 0.9375 0.75 0.9375 0.78125 0.375 0.78125 0.375 0.75
0 3 1.0 0.78125 1.0 0.8125 0.9375 0.8125 0.9375 0.78125
0 3 1.0 0.8125 1.0 0.84375 0.9375 0.84375 0.9375 0.8125
0 4 0.9375 0.40625 0.9375 0.53125 0.6875 0.53125 0.6875 0.40625
0 8 0.96875 0.390625 0.96875 0.546875 0.65625 0.546875 0.65625 0.390625
0 0 0.375 0.203125 0.375 0.234375 0.4375 0.234375 0.4375 0.203125
0 0 0.34375 0.328125 0.34375 0.359375 0.40625 0.359375 0.40625 0.328125
0 7 0.125 0.1875 0.625 0.1875 0.625 0.375 0.125 0.375
0 7 0.125 0.375 0.625 0.375 0.625 0.5625 0.125 0.5625
0 7 0.125 0.5625 0.625 0.5625 0.625 0.75 0.125 0.75
0 7 0.125 0.0 0.625 0.0 0.625 0.1875 0.125 0.1875
0 7 0.625 0.1875 1.0 0.1875 1.0 0.375 0.625 0.375
0 7 0.625 0.375 1.0 0.375 1.0 0.5625 0.625 0.5625
