0 3 0.84375 0.0625 0.875 0.0625 0.875 0.625 0.84375 0.625
0 3 0.8125 0.0625 0.84375 0.0625 0.84375 0.625 0.8125 0.625
0 3 0.78125 0.0625 0.8125 0.0625 0.8125 0.625 0.78125 0.625
0 3 0.75 0.0625 0.78125 0.0625 0.78125 0.625 0.75 0.625
0 3 0.78125 0.0 0.8125 0.0 0.8125 0.0625 0.78125 0.0625
0 3 0.8125 0.0 0.84375 0.0 0.84375 0.0625 0.8125 0.0625
0 4 0.40625 0.0625 0.53125 0.0625 0.53125 0.3125 0.40625 0.3125
0 8 0.390625 0.03125 0.546875 0.03125 0.546875 0.34375 0.390625 0.34375
0 0 0.203125 0.625 0.234375 0.625 0.234375 0.5625 0.203125 0.5625
0 0 0.328125 0.65625 0.359375 0.65625 0.359375 0.59375 0.328125 0.59375
0 7 0.1875 0.875 0.1875 0.375 0.375 0.375 0.375 0.875
0 7 0.375 0.875 0.375 0.375 0.5625 0.375 0.5625 0.875
0 7 0.5625 0.875 0.5625 0.375 0.75 0.375 0.75 0.875
0 7 0.0 0.875 0.0 0.375 0.1875 0.375 0.1875 0.875
0 7 0.1875 0.375 0.1875 0.0 0.375 0.0 0.375 0.375
0 7 0.375 0.375 0.375 0.0 0.5625 0.0 0.5625 0.375
