0 3 0.15625 0.9375 0.125 0.9375 0.125 0.375 0.15625 0.375
0 3 0.1875 0.9375 0.15625 0.9375 0.15625 0.375 0.1875 0.375
0 3 0.21875 0.9375 0.1875 0.9375 0.1875 0.375 0.21875 0.375
0 3 0.25 0.9375 0.21875 0.9375 0.21875 0.375 0.25 0.375
0 3 0.21875 1.0 0.1875 1.0 0.1875 0.9375 0.21875 0.9375
0 3 0.1875 1.0 0.15625 1.0 0.15625 0.9375 0.1875 0.9375
0 4 0.59375 0.9375 0.46875 0.9375 0.46875 0.6875 0.59375 0.6875
0 8 0.609375 0.96875 0.453125 0.96875 0.453125 0.65625 0.609375 0.65625
0 0 0.796875 0.375 0.765625 0.375 0.765625 0.4375 0.796875 0.4375
0 0 0.671875 0.34375 0.640625 0.34375 0.640625 0.40625 0.671875 0.40625
0 7 0.8125 0.125 0.8125 0.625 0.625 0.625 0.625 0.125
0 7 0.625 0.125 0.625 0.625 0.4375 0.625 0.4375 0.125
0 7 0.4375 0.125 0.4375 0.625 0.25 0.625 0.25 0.125
0 7 1.0 0.125 1.0 0.625 0.8125 0.625 0.8125 0.125
0 7 0.8125 0.625 0.8125 1.0 0.625 1.0 0.625 0.625
0 7 0.625 0.625 0.625 1.0 0.4375 1.0 0.4375 0.625
