0 0 0.359375 0.875 0.375 0.875 0.375 0.84375 0.359375 0.84375
0 0 0.28125 0.875 0.265625 0.875 0.265625 0.84375 0.28125 0.84375
0 4 0.976562 0.796875 0.945312 0.796875 0.945312 0.765625 0.929688 0.765625 0.929688 0.59375 0.992188 0.59375 0.992188 0.765625 0.976562 0.765625
0 4 0.90625 0.796875 0.875 0.796875 0.875 0.765625 0.859375 0.765625 0.859375 0.59375 0.921875 0.59375 0.921875 0.765625 0.90625 0.765625
0 2 0.789062 0.984375 0.664062 0.984375 0.664062 0.578125 0.789062 0.578125
0 2 0.664062 0.984375 0.539062 0.984375 0.539062 0.578125 0.664062 0.578125
0 2 0.46875 0.578125 0.46875 0.359375 0.335938 0.359375 0.335938 0.578125
0 2 0.789062 0.578125 0.789062 0.359375 0.664062 0.359375 0.664062 0.578125
0 2 0.664062 0.578125 0.664062 0.359375 0.46875 0.359375 0.46875 0.578125
0 2 0.992188 0.578125 0.992188 0.359375 0.789062 0.359375 0.789062 0.578125
0 7 0.375 0.984375 0.265625 0.984375 0.265625 0.6875 0.375 0.6875
0 7 0.265625 0.984375 0.15625 0.984375 0.15625 0.6875 0.265625 0.6875
0 7 0.375 0.59375 0.375 0.6875 0.265625 0.6875 0.265625 0.59375
0 7 0.265625 0.59375 0.265625 0.6875 0.125 0.6875 0.125 0.59375
0 7 0.523438 0.59375 0.523438 0.6875 0.375 0.6875 0.375 0.59375
0 7 0.125 0.59375 0.125 0.6875 0.007812 0.6875 0.007812 0.59375
0 3 0.632812 0.25 0.632812 0.34375 0.585938 0.34375 0.585938 0.25
0 3 0.585938 0.25 0.585938 0.34375 0.539062 0.34375 0.539062 0.25
0 3 0.4375 0.25 0.4375 0.34375 0.390625 0.34375 0.390625 0.25
0 3 0.390625 0.25 0.390625 0.34375 0.34375 0.34375 0.34375 0.25
0 3 0.539062 0.03125 0.539062 0.25 0.492188 0.25 0.492188 0.03125
0 3 0.34375 0.03125 0.34375 0.25 0.296875 0.25 0.296875 0.03125
0 3 0.585938 0.03125 0.585938 0.25 0.539062 0.25 0.539062 0.03125
0 3 0.632812 0.03125 0.632812 0.25 0.585938 0.25 0.585938 0.03125
0 3 0.679688 0.03125 0.679688 0.25 0.632812 0.25 0.632812 0.03125
0 3 0.390625 0.03125 0.390625 0.25 0.34375 0.25 0.34375 0.03125
0 3 0.4375 0.03125 0.4375 0.25 0.390625 0.25 0.390625 0.03125
0 3 0.484375 0.03125 0.484375 0.25 0.4375 0.25 0.4375 0.03125
0 3 0.960938 0.296875 0.921875 0.296875 0.921875 0.21875 0.960938 0.21875
0 3 0.921875 0.296875 0.882812 0.296875 0.882812 0.21875 0.921875 0.21875
0 3 0.796875 0.296875 0.757812 0.296875 0.757812 0.21875 0.796875 0.21875
0 3 0.757812 0.296875 0.71875 0.296875 0.71875 0.21875 0.757812 0.21875
0 3 0.960938 0.21875 0.921875 0.21875 0.921875 0.046875 0.960938 0.046875
0 3 0.921875 0.21875 0.882812 0.21875 0.882812 0.046875 0.921875 0.046875
0 3 1.0 0.21875 0.960938 0.21875 0.960938 0.046875 1.0 0.046875
0 3 0.882812 0.21875 0.84375 0.21875 0.84375 0.046875 0.882812 0.046875
0 3 0.835938 0.21875 0.796875 0.21875 0.796875 0.046875 0.835938 0.046875
0 3 0.796875 0.21875 0.757812 0.21875 0.757812 0.046875 0.796875 0.046875
0 3 0.757812 0.21875 0.71875 0.21875 0.71875 0.046875 0.757812 0.046875
0 3 0.71875 0.21875 0.679688 0.21875 0.679688 0.046875 0.71875 0.046875
