0 0.640625 0.125 0.625 0.125 0.625 0.15625 0.640625 0.15625
0 0.71875 0.125 0.734375 0.125 0.734375 0.15625 0.71875 0.15625
4 0.023438 0.203125 0.054688 0.203125 0.054688 0.234375 0.070312 0.234375 0.070312 0.40625 0.007812 0.40625 0.007812 0.234375 0.023438 0.234375
4 0.09375 0.203125 0.125 0.203125 0.125 0.234375 0.140625 0.234375 0.140625 0.40625 0.078125 0.40625 0.078125 0.234375 0.09375 0.234375
2 0.210938 0.015625 0.335938 0.015625 0.335938 0.421875 0.210938 0.421875
2 0.335938 0.015625 0.460938 0.015625 0.460938 0.421875 0.335938 0.421875
2 0.53125 0.421875 0.53125 0.640625 0.664062 0.640625 0.664062 0.421875
2 0.210938 0.421875 0.210938 0.640625 0.335938 0.640625 0.335938 0.421875
2 0.335938 0.421875 0.335938 0.640625 0.53125 0.640625 0.53125 0.421875
2 0.007812 0.421875 0.007812 0.640625 0.210938 0.640625 0.210938 0.421875
7 0.625 0.015625 0.734375 0.015625 0.734375 0.3125 0.625 0.3125
7 0.734375 0.015625 0.84375 0.015625 0.84375 0.3125 0.734375 0.3125
7 0.625 0.40625 0.625 0.3125 0.734375 0.3125 0.734375 0.40625
7 0.734375 0.40625 0.734375 0.3125 0.875 0.3125 0.875 0.40625
7 0.476562 0.40625 0.476562 0.3125 0.625 0.3125 0.625 0.40625
7 0.875 0.40625 0.875 0.3125 0.992188 0.3125 0.992188 0.40625
3 0.367188 0.75 0.367188 0.65625 0.414062 0.65625 0.414062 0.75
3 0.414062 0.75 0.414062 0.65625 0.460938 0.65625 0.460938 0.75
3 0.5625 0.75 0.5625 0.65625 0.609375 0.65625 0.609375 0.75
3 0.609375 0.75 0.609375 0.65625 0.65625 0.65625 0.65625 0.75
3 0.460938 0.96875 0.460938 0.75 0.507812 0.75 0.507812 0.96875
3 0.65625 0.96875 0.65625 0.75 0.703125 0.75 0.703125 0.96875
3 0.414062 0.96875 0.414062 0.75 0.460938 0.75 0.460938 0.96875
3 0.367188 0.96875 0.367188 0.75 0.414062 0.75 0.414062 0.96875
3 0.320312 0.96875 0.320312 0.75 0.367188 0.75 0.367188 0.96875
3 0.609375 0.96875 0.609375 0.75 0.65625 0.75 0.65625 0.96875
3 0.5625 0.96875 0.5625 0.75 0.609375 0.75 0.609375 0.96875
3 0.515625 0.96875 0.515625 0.75 0.5625 0.75 0.5625 0.96875
3 0.039062 0.703125 0.078125 0.703125 0.078125 0.78125 0.039062 0.78125
3 0.078125 0.703125 0.117188 0.703125 0.117188 0.78125 0.078125 0.78125
3 0.203125 0.703125 0.242188 0.703125 0.242188 0.78125 0.203125 0.78125
3 0.242188 0.703125 0.28125 0.703125 0.28125 0.78125 0.242188 0.78125
3 0.039062 0.78125 0.078125 0.78125 0.078125 0.953125 0.039062 0.953125
3 0.078125 0.78125 0.117188 0.78125 0.117188 0.953125 0.078125 0.953125
3 0.0 0.78125 0.039062 0.78125 0.039062 0.953125 0.0 0.953125
3 0.117188 0.78125 0.15625 0.78125 0.15625 0.953125 0.117188 0.953125
3 0.164062 0.78125 0.203125 0.78125 0.203125 0.953125 0.164062 0.953125
3 0.203125 0.78125 0.242188 0.78125 0.242188 0.953125 0.203125 0.953125
3 0.242188 0.78125 0.28125 0.78125 0.28125 0.953125 0.242188 0.953125
3 0.28125 0.78125 0.320312 0.78125 0.320312 0.953125 0.28125 0.953125
