0 0.875 0.640625 0.875 0.625 0.84375 0.625 0.84375 0.640625
0 0.875 0.71875 0.875 0.734375 0.84375 0.734375 0.84375 0.71875
4 0.796875 0.023438 0.796875 0.054688 0.765625 0.054688 0.765625 0.070312 0.59375 0.070312 0.59375 0.007812 0.765625 0.007812 0.765625 0.023438
4 0.796875 0.09375 0.796875 0.125 0.765625 0.125 0.765625 0.140625 0.59375 0.140625 0.59375 0.078125 0.765625 0.078125 0.765625 0.09375
2 0.984375 0.210938 0.984375 0.335938 0.578125 0.335938 0.578125 0.210938
2 0.984375 0.335938 0.984375 0.460938 0.578125 0.460938 0.578125 0.335938
2 0.578125 0.53125 0.359375 0.53125 0.359375 0.664062 0.578125 0.664062
2 0.578125 0.210938 0.359375 0.210938 0.359375 0.335938 0.578125 0.335938
2 0.578125 0.335938 0.359375 0.335938 0.359375 0.53125 0.578125 0.53125
2 0.578125 0.007812 0.359375 0.007812 0.359375 0.210938 0.578125 0.210938
7 0.984375 0.625 0.984375 0.734375 0.6875 0.734375 0.6875 0.625
7 0.984375 0.734375 0.984375 0.84375 0.6875 0.84375 0.6875 0.734375
7 0.59375 0.625 0.6875 0.625 0.6875 0.734375 0.59375 0.734375
7 0.59375 0.734375 0.6875 0.734375 0.6875 0.875 0.59375 0.875
7 0.59375 0.476562 0.6875 0.476562 0.6875 0.625 0.59375 0.625
7 0.59375 0.875 0.6875 0.875 0.6875 0.992188 0.59375 0.992188
3 0.25 0.367188 0.34375 0.367188 0.34375 0.414062 0.25 0.414062
3 0.25 0.414062 0.34375 0.414062 0.34375 0.460938 0.25 0.460938
3 0.25 0.5625 0.34375 0.5625 0.34375 0.609375 0.25 0.609375
3 0.25 0.609375 0.34375 0.609375 0.34375 0.65625 0.25 0.65625
3 0.03125 0.460938 0.25 0.460938 0.25 0.507812 0.03125 0.507812
3 0.03125 0.65625 0.25 0.65625 0.25 0.703125 0.03125 0.703125
3 0.03125 0.414062 0.25 0.414062 0.25 0.460938 0.03125 0.460938
3 0.03125 0.367188 0.25 0.367188 0.25 0.414062 0.03125 0.414062
3 0.03125 0.320312 0.25 0.320312 0.25 0.367188 0.03125 0.367188
3 0.03125 0.609375 0.25 0.609375 0.25 0.65625 0.03125 0.65625
3 0.03125 0.5625 0.25 0.5625 0.25 0.609375 0.03125 0.609375
3 0.03125 0.515625 0.25 0.515625 0.25 0.5625 0.03125 0.5625
3 0.296875 0.039062 0.296875 0.078125 0.21875 0.078125 0.21875 0.039062
3 0.296875 0.078125 0.296875 0.117188 0.21875 0.117188 0.21875 0.078125
3 0.296875 0.203125 0.296875 0.242188 0.21875 0.242188 0.21875 0.203125
3 0.296875 0.242188 0.296875 0.28125 0.21875 0.28125 0.21875 0.242188
3 0.21875 0.039062 0.21875 0.078125 0.046875 0.078125 0.046875 0.039062
3 0.21875 0.078125 0.21875 0.117188 0.046875 0.117188 0.046875 0.078125
3 0.21875 0.0 0.21875 0.039062 0.046875 0.039062 0.046875 0.0
3 0.21875 0.117188 0.21875 0.15625 0.046875 0.15625 0.046875 0.117188
3 0.21875 0.164062 0.21875 0.203125 0.046875 0.203125 0.046875 0.164062
3 0.21875 0.203125 0.21875 0.242188 0.046875 0.242188 0.046875 0.203125
3 0.21875 0.242188 0.21875 0.28125 0.046875 0.28125 0.046875 0.242188
3 0.21875 0.28125 0.21875 0.320312 0.046875 0.320312 0.046875 0.28125
