0 0 0.125 0.359375 0.125 0.375 0.15625 0.375 0.15625 0.359375
0 0 0.125 0.28125 0.125 0.265625 0.15625 0.265625 0.15625 0.28125
0 4 0.203125 0.976562 0.203125 0.945312 0.234375 0.945312 0.234375 0.929688 0.40625 0.929688 0.40625 0.992188 0.234375 0.992188 0.234375 0.976562
0 4 0.203125 0.90625 0.203125 0.875 0.234375 0.875 0.234375 0.859375 0.40625 0.859375 0.40625 0.921875 0.234375 0.921875 0.234375 0.90625
0 2 0.015625 0.789062 0.015625 0.664062 0.421875 0.664062 0.421875 0.789062
0 2 0.015625 0.664062 0.015625 0.539062 0.421875 0.539062 0.421875 0.664062
0 2 0.421875 0.46875 0.640625 0.46875 0.640625 0.335938 0.421875 0.335938
0 2 0.421875 0.789062 0.640625 0.789062 0.640625 0.664062 0.421875 0.664062
0 2 0.421875 0.664062 0.640625 0.664062 0.640625 0.46875 0.421875 0.46875
0 2 0.421875 0.992188 0.640625 0.992188 0.640625 0.789062 0.421875 0.789062
0 7 0.015625 0.375 0.015625 0.265625 0.3125 0.265625 0.3125 0.375
0 7 0.015625 0.265625 0.015625 0.15625 0.3125 0.15625 0.3125 0.265625
0 7 0.40625 0.375 0.3125 0.375 0.3125 0.265625 0.40625 0.265625
0 7 0.40625 0.265625 0.3125 0.265625 0.3125 0.125 0.40625 0.125
0 7 0.40625 0.523438 0.3125 0.523438 0.3125 0.375 0.40625 0.375
0 7 0.40625 0.125 0.3125 0.125 0.3125 0.007812 0.40625 0.007812
0 3 0.75 0.632812 0.65625 0.632812 0.65625 0.585938 0.75 0.585938
0 3 0.75 0.585938 0.65625 0.585938 0.65625 0.539062 0.75 0.539062
0 3 0.75 0.4375 0.65625 0.4375 0.65625 0.390625 0.75 0.390625
0 3 0.75 0.390625 0.65625 0.390625 0.65625 0.34375 0.75 0.34375
0 3 0.96875 0.539062 0.75 0.539062 0.75 0.492188 0.96875 0.492188
0 3 0.96875 0.34375 0.75 0.34375 0.75 0.296875 0.96875 0.296875
0 3 0.96875 0.585938 0.75 0.585938 0.75 0.539062 0.96875 0.539062
0 3 0.96875 0.632812 0.75 0.632812 0.75 0.585938 0.96875 0.585938
0 3 0.96875 0.679688 0.75 0.679688 0.75 0.632812 0.96875 0.632812
0 3 0.96875 0.390625 0.75 0.390625 0.75 0.34375 0.96875 0.34375
0 3 0.96875 0.4375 0.75 0.4375 0.75 0.390625 0.96875 0.390625
0 3 0.96875 0.484375 0.75 0.484375 0.75 0.4375 0.96875 0.4375
0 3 0.703125 0.960938 0.703125 0.921875 0.78125 0.921875 0.78125 0.960938
0 3 0.703125 0.921875 0.703125 0.882812 0.78125 0.882812 0.78125 0.921875
0 3 0.703125 0.796875 0.703125 0.757812 0.78125 0.757812 0.78125 0.796875
0 3 0.703125 0.757812 0.703125 0.71875 0.78125 0.71875 0.78125 0.757812
0 3 0.78125 0.960938 0.78125 0.921875 0.953125 0.921875 0.953125 0.960938
0 3 0.78125 0.921875 0.78125 0.882812 0.953125 0.882812 0.953125 0.921875
0 3 0.78125 1.0 0.78125 0.960938 0.953125 0.960938 0.953125 1.0
0 3 0.78125 0.882812 0.78125 0.84375 0.953125 0.84375 0.953125 0.882812
0 3 0.78125 0.835938 0.78125 0.796875 0.953125 0.796875 0.953125 0.835938
0 3 0.78125 0.796875 0.78125 0.757812 0.953125 0.757812 0.953125 0.796875
0 3 0.78125 0.757812 0.78125 0.71875 0.953125 0.71875 0.953125 0.757812
0 3 0.78125 0.71875 0.78125 0.679688 0.953125 0.679688 0.953125 0.71875
