0 0 0.875 0.046875 0.875 0.0625 0.84375 0.0625 0.84375 0.046875
0 0 0.875 0.09375 0.875 0.109375 0.84375 0.109375 0.84375 0.09375
0 7 0.90625 0.046875 0.90625 0.109375 0.71875 0.109375 0.71875 0.046875
0 7 0.90625 0.171875 0.90625 0.109375 0.71875 0.109375 0.71875 0.171875
0 7 0.90625 0.21875 0.90625 0.171875 0.71875 0.171875 0.71875 0.21875
0 7 0.90625 0.0 0.90625 0.046875 0.71875 0.046875 0.71875 0.0
0 7 1.0 0.046875 1.0 0.109375 0.90625 0.109375 0.90625 0.046875
0 7 1.0 0.171875 1.0 0.109375 0.90625 0.109375 0.90625 0.171875
0 2 0.71875 0.28125 0.71875 0.1875 0.53125 0.1875 0.53125 0.28125
0 2 0.53125 0.09375 0.71875 0.09375 0.71875 0.1875 0.53125 0.1875
0 2 0.28125 0.09375 0.53125 0.09375 0.53125 0.1875 0.28125 0.1875
0 2 0.28125 0.28125 0.53125 0.28125 0.53125 0.375 0.28125 0.375
0 2 0.28125 0.1875 0.53125 0.1875 0.53125 0.28125 0.28125 0.28125
0 2 0.28125 0.0 0.53125 0.0 0.53125 0.09375 0.28125 0.09375
