0 0 0.953125 0.875 0.9375 0.875 0.9375 0.84375 0.953125 0.84375
0 0 0.90625 0.875 0.890625 0.875 0.890625 0.84375 0.90625 0.84375
0 7 0.953125 0.90625 0.890625 0.90625 0.890625 0.71875 0.953125 0.71875
0 7 0.828125 0.90625 0.890625 0.90625 0.890625 0.71875 0.828125 0.71875
0 7 0.78125 0.90625 0.828125 0.90625 0.828125 0.71875 0.78125 0.71875
0 7 1.0 0.90625 0.953125 0.90625 0.953125 0.71875 1.0 0.71875
0 7 0.953125 1.0 0.890625 1.0 0.890625 0.90625 0.953125 0.90625
0 7 0.828125 1.0 0.890625 1.0 0.890625 0.90625 0.828125 0.90625
0 2 0.71875 0.71875 0.8125 0.71875 0.8125 0.53125 0.71875 0.53125
0 2 0.90625 0.53125 0.90625 0.71875 0.8125 0.71875 0.8125 0.53125
0 2 0.90625 0.28125 0.90625 0.53125 0.8125 0.53125 0.8125 0.28125
0 2 0.71875 0.28125 0.71875 0.53125 0.625 0.53125 0.625 0.28125
0 2 0.8125 0.28125 0.8125 0.53125 0.71875 0.53125 0.71875 0.28125
0 2 1.0 0.28125 1.0 0.53125 0.90625 0.53125 0.90625 0.28125
