0 0 0.125 0.953125 0.125 0.9375 0.15625 0.9375 0.15625 0.953125
0 0 0.125 0.90625 0.125 0.890625 0.15625 0.890625 0.15625 0.90625
0 7 0.09375 0.953125 0.09375 0.890625 0.28125 0.890625 0.28125 0.953125
0 7 0.09375 0.828125 0.09375 0.890625 0.28125 0.890625 0.28125 0.828125
0 7 0.09375 0.78125 0.09375 0.828125 0.28125 0.828125 0.28125 0.78125
0 7 0.09375 1.0 0.09375 0.953125 0.28125 0.953125 0.28125 1.0
0 7 0.0 0.953125 0.0 0.890625 0.09375 0.890625 0.09375 0.953125
0 7 0.0 0.828125 0.0 0.890625 0.09375 0.890625 0.09375 0.828125
0 2 0.28125 0.71875 0.28125 0.8125 0.46875 0.8125 0.46875 0.71875
0 2 0.46875 0.90625 0.28125 0.90625 0.28125 0.8125 0.46875 0.8125
0 2 0.71875 0.90625 0.46875 0.90625 0.46875 0.8125 0.71875 0.8125
0 2 0.71875 0.71875 0.46875 0.71875 0.46875 0.625 0.71875 0.625
0 2 0.71875 0.8125 0.46875 0.8125 0.46875 0.71875 0.71875 0.71875
0 2 0.71875 1.0 0.46875 1.0 0.46875 0.90625 0.71875 0.90625
