0 0 0.046875 0.125 0.0625 0.125 0.0625 0.15625 0.046875 0.15625
0 0 0.09375 0.125 0.109375 0.125 0.109375 0.15625 0.09375 0.15625
0 7 0.046875 0.09375 0.109375 0.09375 0.109375 0.28125 0.046875 0.28125
0 7 0.171875 0.09375 0.109375 0.09375 0.109375 0.28125 0.171875 0.28125
0 7 0.21875 0.09375 0.171875 0.09375 0.171875 0.28125 0.21875 0.28125
0 7 0.0 0.09375 0.046875 0.09375 0.046875 0.28125 0.0 0.28125
0 7 0.046875 0.0 0.109375 0.0 0.109375 0.09375 0.046875 0.09375
0 7 0.171875 0.0 0.109375 0.0 0.109375 0.09375 0.171875 0.09375
0 2 0.28125 0.28125 0.1875 0.28125 0.1875 0.46875 0.28125 0.46875
0 2 0.09375 0.46875 0.09375 0.28125 0.1875 0.28125 0.1875 0.46875
0 2 0.09375 0.71875 0.09375 0.46875 0.1875 0.46875 0.1875 0.71875
0 2 0.28125 0.71875 0.28125 0.46875 0.375 0.46875 0.375 0.71875
0 2 0.1875 0.71875 0.1875 0.46875 0.28125 0.46875 0.28125 0.71875
0 2 0.0 0.71875 0.0 0.46875 0.09375 0.46875 0.09375 0.71875
