0 0.6875 0.140625 0.6875 0.172031 0.625 0.172031 0.625312 0.140937
0 0.687812 0.203125 0.6875 0.234531 0.624375 0.234375 0.624375 0.202969
8 0.594062 0.172031 0.59375 0.203125 0.5625 0.203125 0.5625 0.21875 0.53125 0.218906 0.53125 0.15625 0.5625 0.15625 0.562188 0.172031
7 0.75 0.125156 0.75 0.25 0.499687 0.250469 0.5 0.124531
7 0.75 0.0 0.75 0.124531 0.499687 0.125 0.5 0.0
7 0.749063 0.25 0.749063 0.374844 0.49875 0.375312 0.499687 0.250156
7 0.749063 0.374844 0.749063 0.499688 0.499375 0.5 0.49875 0.375156
7 0.99875 0.125938 0.99875 0.250781 0.748437 0.25125 0.74875 0.125312
7 1.0 0.250781 1.0 0.375625 0.750312 0.376094 0.750625 0.250156
7 0.375 0.312656 0.375313 0.437656 0.0 0.4375 0.0 0.311406
7 0.375313 0.437656 0.375625 0.562656 0.0 0.5625 0.0 0.437656
7 0.374687 0.625156 0.375 0.562656 0.0 0.562656 0.0 0.625156
7 0.375 0.312656 0.374375 0.250156 0.0 0.25 0.0 0.311563
7 0.499687 0.312344 0.499375 0.437656 0.375313 0.437656 0.375313 0.312656
7 0.499687 0.437812 0.5 0.562187 0.375625 0.562656 0.375313 0.437812
3 0.499687 0.124844 0.374687 0.124844 0.374687 0.0625 0.500312 0.0625
3 0.499687 0.187344 0.374687 0.1875 0.374687 0.125 0.500312 0.125
3 0.374687 0.125 0.187187 0.125156 0.1875 0.0625 0.374687 0.062344
3 0.374687 0.062031 0.187187 0.062187 0.1875 0.0 0.374687 0.0
3 0.374687 0.187969 0.187187 0.188125 0.1875 0.125469 0.374687 0.125469
3 0.375 0.250312 0.1875 0.250156 0.187813 0.187812 0.375 0.187656
