0 0.28125 0.65625 0.359375 0.65625 0.359375 0.6875 0.28125 0.6875
0 0.390625 0.65625 0.46875 0.65625 0.46875 0.6875 0.390625 0.6875
8 0.34375 0.875 0.40625 0.875 0.40625 0.90625 0.34375 0.90625
7 0.5 0.0 0.75 0.0 0.75 0.5 0.5 0.5
7 0.25 0.0 0.5 0.0 0.5 0.5 0.25 0.5
7 0.25 0.5 0.5 0.5 0.5 1.0 0.25 1.0
7 0.5 0.5 0.75 0.5 0.75 1.0 0.5 1.0
7 0.75 0.5 1.0 0.5 1.0 1.0 0.75 1.0
7 0.0 0.5 0.25 0.5 0.25 1.0 0.0 1.0
3 0.09375 0.0 0.09375 0.0625 0.0625 0.0625 0.0625 0.0
3 0.0625 0.0 0.0625 0.0625 0.03125 0.0625 0.03125 0.0
3 0.125 0.0625 0.125 0.5 0.09375 0.5 0.09375 0.0625
3 0.09375 0.0625 0.09375 0.5 0.0625 0.5 0.0625 0.0625
3 0.0625 0.0625 0.0625 0.5 0.03125 0.5 0.03125 0.0625
3 0.03125 0.0625 0.03125 0.5 0.0 0.5 0.0 0.0625
