0 0.21875 0.8125 0.21875 0.78125 0.28125 0.78125 0.28125 0.8125
0 0.21875 0.75 0.21875 0.71875 0.28125 0.71875 0.28125 0.75
7 0.0 0.84375 0.0 0.6875 0.15625 0.6875 0.15625 0.84375
7 0.0 0.53125 0.0 0.6875 0.15625 0.6875 0.15625 0.53125
7 0.3125 0.6875 0.15625 0.6875 0.15625 0.84375 0.3125 0.84375
7 0.3125 0.53125 0.15625 0.53125 0.15625 0.375 0.3125 0.375
7 0.3125 0.53125 0.15625 0.53125 0.15625 0.6875 0.3125 0.6875
7 0.15625 1.0 0.15625 0.84375 0.3125 0.84375 0.3125 1.0
2 0.46875 0.875 0.4375 0.875 0.4375 0.84375 0.375 0.84375 0.375 0.9375 0.46875 0.9375
2 0.375 1.0 0.375 0.9375 0.46875 0.9375 0.46875 1.0
2 0.375 0.78125 0.375 0.84375 0.4375 0.84375 0.4375 0.78125
2 0.46875 0.6875 0.46875 0.75 0.4375 0.75 0.4375 0.78125 0.375 0.78125 0.375 0.6875
2 0.375 0.9375 0.3125 0.9375 0.3125 0.84375 0.375 0.84375
3 0.0625 0.1875 0.0625 0.125 0.1875 0.125 0.1875 0.1875
3 0.0625 0.21875 0.0625 0.28125 0.1875 0.28125 0.1875 0.21875
3 0.0625 0.125 0.0625 0.09375 0.1875 0.09375 0.1875 0.125
3 0.0625 0.21875 0.0625 0.1875 0.1875 0.1875 0.1875 0.21875
3 0.0 0.21875 0.0 0.15625 0.0625 0.15625 0.0625 0.21875
1 0.71875 0.5 0.71875 0.34375 0.6875 0.34375 0.6875 0.25 0.71875 0.25 0.71875 0.28125 0.78125 0.28125 0.78125 0.3125 0.8125 0.3125 0.8125 0.34375 0.75 0.34375 0.75 0.375 0.78125 0.375 0.78125 0.40625 0.8125 0.40625 0.8125 0.4375 0.84375 0.4375 0.84375 0.46875 0.78125 0.46875 0.78125 0.4375 0.78125 0.4375 0.75 0.4375 0.75 0.5
3 0.25 0.1875 0.25 0.125 0.375 0.125 0.375 0.1875
3 0.25 0.21875 0.25 0.1875 0.375 0.1875 0.375 0.21875
3 0.25 0.125 0.25 0.09375 0.375 0.09375 0.375 0.125
3 0.25 0.21875 0.25 0.28125 0.375 0.28125 0.375 0.21875
3 0.25 0.15625 0.1875 0.15625 0.1875 0.21875 0.25 0.21875
