8 0.84375 0.234375 0.84375 0.171875 0.796875 0.171875 0.796875 0.234375
8 0.75 0.253906 0.796875 0.253906 0.796875 0.316406 0.75 0.316406
4 0.753906 0.269531 0.757812 0.269531 0.757812 0.308594 0.789062 0.308594 0.789062 0.269531 0.792969 0.269531 0.792969 0.3125 0.753906 0.3125
4 0.800781 0.1875 0.804688 0.1875 0.804688 0.226562 0.835938 0.226562 0.835938 0.1875 0.839844 0.1875 0.839844 0.230469 0.800781 0.230469
1 0.0 0.347656 0.003906 0.347656 0.003906 0.351562 0.007812 0.351562 0.007812 0.355469 0.011719 0.355469 0.011719 0.363281 0.015625 0.363281 0.015625 0.371094 0.019531 0.371094 0.019531 0.363281 0.023438 0.363281 0.023438 0.359375 0.027344 0.359375 0.027344 0.355469 0.03125 0.355469 0.03125 0.351562 0.035156 0.351562 0.035156 0.359375 0.03125 0.359375 0.03125 0.375 0.027344 0.375 0.027344 0.394531 0.023438 0.394531 0.023438 0.414062 0.027344 0.414062 0.027344 0.40625 0.03125 0.40625 0.03125 0.394531 0.035156 0.394531 0.035156 0.386719 0.039062 0.386719 0.039062 0.382812 0.042969 0.382812 0.042969 0.378906 0.046875 0.378906 0.046875 0.375 0.054688 0.375 0.054688 0.378906 0.050781 0.378906 0.050781 0.382812 0.046875 0.382812 0.046875 0.390625 0.050781 0.390625 0.050781 0.386719 0.054688 0.386719 0.054688 0.382812 0.0625 0.382812 0.0625 0.378906 0.066406 0.378906 0.066406 0.375 0.070312 0.375 0.070312 0.371094 0.078125 0.371094 0.078125 0.367188 0.089844 0.367188 0.089844 0.371094 0.085938 0.371094 0.085938 0.375 0.082031 0.375 0.082031 0.378906 0.078125 0.378906 0.078125 0.382812 0.074219 0.382812 0.074219 0.390625 0.070312 0.390625 0.070312 0.398438 0.066406 0.398438 0.066406 0.40625 0.070312 0.40625 0.070312 0.402344 0.074219 0.402344 0.074219 0.398438 0.082031 0.398438 0.082031 0.394531 0.089844 0.394531 0.089844 0.390625 0.097656 0.390625 0.097656 0.386719 0.109375 0.386719 0.109375 0.390625 0.117188 0.390625 0.117188 0.394531 0.101562 0.394531 0.101562 0.398438 0.097656 0.398438 0.097656 0.40625 0.105469 0.40625 0.105469 0.410156 0.101562 0.410156 0.101562 0.417969 0.105469 0.417969 0.105469 0.414062 0.113281 0.414062 0.113281 0.410156 0.136719 0.410156 0.136719 0.414062 0.132812 0.414062 0.132812 0.417969 0.128906 0.417969 0.128906 0.425781 0.125 0.425781 0.125 0.433594 0.128906 0.433594 0.128906 0.429688 0.144531 0.429688 0.144531 0.433594 0.140625 0.433594 0.140625 0.4375 0.136719 0.4375 0.136719 0.441406 0.132812 0.441406 0.132812 0.453125 0.136719 0.453125 0.136719 0.457031 0.140625 0.457031 0.140625 0.460938 0.152344 0.460938 0.152344 0.464844 0.167969 0.464844 0.167969 0.46875 0.164062 0.46875 0.164062 0.472656 0.160156 0.472656 0.160156 0.488281 0.164062 0.488281 0.164062 0.496094 0.167969 0.496094 0.167969 0.503906 0.171875 0.503906 0.171875 0.507812 0.175781 0.507812 0.175781 0.511719 0.191406 0.511719 0.191406 0.507812 0.199219 0.507812 0.199219 0.503906 0.203125 0.503906 0.203125 0.5 0.207031 0.5 0.207031 0.488281 0.210938 0.488281 0.210938 0.480469 0.210938 0.476562 0.214844 0.476562 0.214844 0.464844 0.21875 0.464844 0.21875 0.5625 0.0 0.5625
1 0.0 0.734375 0.003906 0.734375 0.003906 0.746094 0.015625 0.746094 0.015625 0.730469 0.011719 0.730469 0.011719 0.71875 0.007812 0.71875 0.007812 0.6875 0.011719 0.6875 0.011719 0.699219 0.015625 0.699219 0.015625 0.707031 0.023438 0.707031 0.023438 0.691406 0.027344 0.691406 0.035156 0.699219 0.03125 0.6875 0.03125 0.667969 0.027344 0.667969 0.027344 0.648438 0.023438 0.648438 0.023438 0.625 0.027344 0.625 0.027344 0.632812 0.03125 0.632812 0.03125 0.640625 0.035156 0.640625 0.035156 0.644531 0.039062 0.644531 0.039062 0.652344 0.042969 0.652344 0.042969 0.644531 0.046875 0.644531 0.046875 0.621094 0.042969 0.621094 0.042969 0.601562 0.039062 0.601562 0.039062 0.59375 0.042969 0.59375 0.042969 0.597656 0.050781 0.597656 0.050781 0.582031 0.054688 0.582031 0.054688 0.570312 0.058594 0.570312 0.058594 0.566406 0.0625 0.566406 0.0625 0.585938 0.066406 0.585938 0.066406 0.59375 0.070312 0.59375 0.070312 0.601562 0.074219 0.601562 0.074219 0.605469 0.078125 0.605469 0.078125 0.609375 0.082031 0.609375 0.082031 0.617188 0.085938 0.617188 0.085938 0.621094 0.089844 0.621094 0.089844 0.625 0.09375 0.625 0.09375 0.617188 0.089844 0.617188 0.089844 0.609375 0.085938 0.609375 0.085938 0.601562 0.082031 0.601562 0.082031 0.589844 0.085938 0.589844 0.085938 0.582031 0.089844 0.582031 0.089844 0.589844 0.09375 0.589844 0.09375 0.597656 0.097656 0.597656 0.097656 0.601562 0.101562 0.601562 0.101562 0.609375 0.105469 0.609375 0.105469 0.617188 0.109375 0.617188 0.109375 0.621094 0.113281 0.621094 0.113281 0.625 0.117188 0.625 0.117188 0.628906 0.125 0.628906 0.125 0.632812 0.128906 0.632812 0.128906 0.625 0.125 0.625 0.125 0.617188 0.121094 0.617188 0.121094 0.601562 0.117188 0.601562 0.113281 0.589844 0.113281 0.574219 0.117188 0.574219 0.117188 0.5625 0.121094 0.5625 0.121094 0.570312 0.125 0.570312 0.125 0.582031 0.128906 0.582031 0.128906 0.589844 0.132812 0.589844 0.132812 0.59375 0.140625 0.59375 0.140625 0.589844 0.144531 0.589844 0.144531 0.582031 0.148438 0.582031 0.148438 0.589844 0.152344 0.589844 0.152344 0.597656 0.164062 0.597656 0.164062 0.59375 0.167969 0.59375 0.167969 0.589844 0.171875 0.589844 0.171875 0.578125 0.175781 0.578125 0.175781 0.570312 0.179688 0.570312 0.179688 0.566406 0.183594 0.566406 0.183594 0.578125 0.1875 0.578125 0.1875 0.59375 0.191406 0.59375 0.191406 0.582031 0.195312 0.582031 0.195312 0.570312 0.199219 0.570312 0.199219 0.578125 0.203125 0.578125 0.203125 0.582031 0.207031 0.582031 0.207031 0.574219 0.210938 0.574219 0.210938 0.570312 0.214844 0.570312 0.214844 0.5625 0.21875 0.5625 0.21875 0.78125 0.0 0.78125
2 0.34375 0.0 0.4375 0.0 0.4375 0.25 0.34375 0.25
2 0.25 0.0 0.34375 0.0 0.34375 0.25 0.25 0.25
2 0.0 0.34375 0.0 0.25 0.25 0.25 0.25 0.34375
2 0.34375 0.34375 0.34375 0.25 0.597656 0.25 0.597656 0.34375
2 0.25 0.34375 0.25 0.25 0.34375 0.25 0.34375 0.34375
2 0.597656 0.34375 0.597656 0.25 0.6875 0.25 0.6875 0.34375
0 0.503906 0.191406 0.507812 0.191406 0.507812 0.195312 0.519531 0.195312 0.519531 0.199219 0.523438 0.199219 0.523438 0.203125 0.503906 0.203125
0 0.539062 0.199219 0.542969 0.199219 0.542969 0.195312 0.554688 0.195312 0.554688 0.191406 0.558594 0.191406 0.558594 0.203125 0.539062 0.203125
7 0.5 0.179688 0.5625 0.179688 0.5625 0.242188 0.5 0.242188
7 0.4375 0.179688 0.5 0.179688 0.5 0.242188 0.4375 0.242188
7 0.5625 0.179688 0.625 0.179688 0.625 0.242188 0.5625 0.242188
7 0.625 0.179688 0.6875 0.179688 0.6875 0.242188 0.625 0.242188
7 0.5 0.117188 0.5625 0.117188 0.5625 0.179688 0.5 0.179688
7 0.5625 0.117188 0.625 0.117188 0.625 0.179688 0.5625 0.179688
